# stan_version_major = 2
# stan_version_minor = 37
# stan_version_patch = 0
# model = stan_model_test_model
# start_datetime = 2025-10-27 22:40:16 UTC
# method = sample (Default)
#   sample
#     num_samples = 100
#     num_warmup = 500
#     save_warmup = true
#     thin = 1 (Default)
#     adapt
#       engaged = true (Default)
#       gamma = 0.05 (Default)
#       delta = 0.8 (Default)
#       kappa = 0.75 (Default)
#       t0 = 10 (Default)
#       init_buffer = 75 (Default)
#       term_buffer = 50 (Default)
#       window = 25 (Default)
#       save_metric = false (Default)
#     algorithm = hmc (Default)
#       hmc
#         engine = nuts (Default)
#           nuts
#             max_depth = 10 (Default)
#         metric = diag_e (Default)
#         metric_file =  (Default)
#         stepsize = 1 (Default)
#         stepsize_jitter = 0 (Default)
#     num_chains = 1 (Default)
# id = 3
# data
#   file = /tmp/tmp0mty9d_1/l3i4qch4.json
# init = 2 (Default)
# random
#   seed = 50251
# output
#   file = /tmp/tmp0mty9d_1/stan_model_testa5g4j2h_/stan_model_test-20251027234016_3.csv
#   diagnostic_file =  (Default)
#   refresh = 100 (Default)
#   sig_figs = 8 (Default)
#   profile_file = profile.csv (Default)
#   save_cmdstan_config = false (Default)
# num_threads = 1 (Default)
# stanc_version = stanc3 v2.37.0
# stancflags = --filename-in-msg=stan_model_test.stan
lp__,accept_stat__,stepsize__,treedepth__,n_leapfrog__,divergent__,energy__,mu,tau,eta.1.1,eta.2.1,eta.1.2,eta.2.2,eta.1.3,eta.2.3,eta.1.4,eta.2.4,theta.1,theta.2,theta.3,theta.4,theta.5,theta.6,theta.7,theta.8,log_lik.1,log_lik.2,log_lik.3,log_lik.4,log_lik.5,log_lik.6,log_lik.7,log_lik.8,y_hat.1,y_hat.2,y_hat.3,y_hat.4,y_hat.5,y_hat.6,y_hat.7,y_hat.8
-8.5935677,0.56682772,1,2,3,0,11.760137,0.36466025,1.4999651,1.3290658,0.5365102,0.78006287,-0.03122725,-0.1035009,-1.5349788,-0.69794202,2.0421899,2.3582126,1.5347274,0.2094125,-0.68222846,1.1694068,0.31782046,-1.9377544,3.4278739,-5.0881026,-3.4305224,-3.7116451,-3.5607042,-3.1452145,-3.3187568,-5.2090939,-3.9227074,25.130905,-10.226344,19.248001,2.6797791,0.40804898,10.952521,-7.1450763,-17.529795
-8.5935677,0,6.5445687,0,1,1,15.864715,0.36466025,1.4999651,1.3290658,0.5365102,0.78006287,-0.03122725,-0.1035009,-1.5349788,-0.69794202,2.0421899,2.3582126,1.5347274,0.2094125,-0.68222846,1.1694068,0.31782046,-1.9377544,3.4278739,-5.0881026,-3.4305224,-3.7116451,-3.5607042,-3.1452145,-3.3187568,-5.2090939,-3.9227074,4.7922769,-0.22659116,-5.9123744,8.4891071,-14.166805,-17.241582,-5.3831192,-5.1066873
-9.9515649,0.77510761,0.87579317,3,15,0,15.428509,7.9276455,4.4648127,1.9379532,-0.86879392,-1.9578444,-1.5138294,-1.4151246,0.19784431,1.4016966,-1.1332994,16.580243,-0.81376287,1.6093795,14.185958,4.0486434,1.1686807,8.8109833,2.8676759,-3.9167906,-3.6099357,-3.7330241,-3.5302139,-3.2735014,-3.3169514,-3.6437138,-3.938013,9.0309473,-2.2751402,25.222553,13.257263,15.735176,16.581216,2.0230463,-12.797041
-8.4527584,0.85166893,0.59640638,3,15,0,15.8139,4.0526535,5.2073601,0.040178823,0.14784027,1.6461383,1.5204323,0.4644995,0.16495847,-0.64116848,2.4070824,4.2618791,12.624689,6.4714697,0.71385841,4.822511,11.970092,4.9116517,16.587198,-4.8792074,-3.3284623,-3.8667396,-3.4801213,-3.3254325,-3.8141186,-4.0780479,-3.8417831,-17.928508,24.617996,14.441759,17.194228,16.411449,6.5896225,-7.1803038,8.5600977
-4.826099,1,0.56392653,3,7,0,10.634276,2.8186222,4.2004407,0.570617,-0.42283146,-1.6525977,-0.86164501,0.54779468,1.1090316,0.22306068,0.2676556,5.215465,-4.1230165,5.1196012,3.7555753,1.0425437,-0.80066658,7.4770434,3.9428936,-4.7806221,-3.9563613,-3.8202927,-3.3603309,-3.1419161,-3.3302322,-3.7751867,-3.9094908,10.277876,10.261731,-17.882672,8.6370649,9.9100619,1.9228298,12.612833,17.676531
-4.826099,6.3621474e-17,0.90337052,1,1,0,9.5026755,2.8186222,4.2004407,0.570617,-0.42283146,-1.6525977,-0.86164501,0.54779468,1.1090316,0.22306068,0.2676556,5.215465,-4.1230165,5.1196012,3.7555753,1.0425437,-0.80066658,7.4770434,3.9428936,-4.7806221,-3.9563613,-3.8202927,-3.3603309,-3.1419161,-3.3302322,-3.7751867,-3.9094908,9.8927851,-12.585484,-15.478346,-16.286896,-7.8833009,-9.9176338,7.5519754,-2.0790299
-7.2409667,0.9963702,0.07309632,5,31,0,12.116688,2.6620011,3.6814408,0.7858787,-0.96425512,-2.2282111,-0.27701033,1.0792848,1.5352409,-0.089466002,0.16786239,5.555167,-5.5410262,6.6353241,2.3326373,-0.88784701,1.642204,8.3138995,3.2799765,-4.7464788,-4.1383206,-3.8728543,-3.4068515,-3.1162408,-3.318538,-3.6906263,-3.9266541,-1.7287751,0.2720594,-8.4787021,-1.91267,-9.0266401,-2.2643627,35.774789,-6.5066618
-5.5401109,0.99949453,0.12414204,5,63,0,10.097785,1.1470239,2.2864283,0.39535471,-0.073457022,-1.3866638,0.20196497,1.3075083,1.2670422,0.29373549,0.063182888,2.0509741,-2.0234833,4.1365479,1.818629,0.97906972,1.6088023,4.0440251,1.2914871,-5.1233264,-3.7238747,-3.7910005,-3.4277702,-3.1403404,-3.3183654,-4.1953698,-3.9862736,1.7932971,3.5797653,-20.438088,5.2434619,-8.1540592,38.052105,-9.9980142,-9.1340864
-5.7595064,0.99805003,0.22274073,4,15,0,8.620307,1.6383575,1.6887014,0.74070105,0.96362745,0.30469852,-1.0513937,0.22748654,-0.30443256,1.3755402,-0.83731428,2.8891804,2.1529023,2.0225144,3.9612341,3.2656365,-0.13713242,1.1242618,0.22438376,-5.0282182,-3.3924664,-3.7407961,-3.3549912,-3.228482,-3.3221771,-4.6454763,-4.0232997,17.80899,-1.26111,17.475748,-6.8520652,13.259016,-26.259075,0.39549809,5.358302
-3.0312678,0.97362292,0.40872069,3,7,0,9.585998,3.9526311,4.790826,0.77835897,-1.3401635,0.65175273,-0.29835735,-0.34907564,0.069167651,-0.10858942,0.3116223,7.6816135,7.075065,2.2802705,3.4323981,-2.467859,2.523253,4.2840013,5.4455593,-4.5444039,-3.2258012,-3.7459828,-3.369428,-3.1294632,-3.3264218,-4.1621667,-3.8756077,1.2541979,-2.3812476,8.6013074,23.978759,-17.766402,-3.7770358,21.460499,-11.686474
-5.5309331,0.7471305,0.70460565,2,3,0,6.5842911,3.3919566,4.3478367,0.90008709,1.2514564,-0.058369347,-1.5317383,0.0108296,1.1785025,-0.96191121,0.43369394,7.3053882,3.1381762,3.4390419,-0.79027625,8.8330845,-3.2677915,8.5158929,5.277587,-4.5786931,-3.3397103,-3.7725063,-3.5676123,-3.7130122,-3.3920985,-3.6712651,-3.8790492,21.567037,22.777261,7.8094101,4.7752299,6.4056234,-9.9847584,11.094584,-2.7714227
-5.2557529,0.96596486,0.59803496,3,7,0,7.3105334,3.6369376,2.6284144,0.4846444,1.1049459,0.2564493,-1.76937,0.61865307,0.9080523,-0.41868848,0.33603457,4.910784,4.3109927,5.2630143,2.5364508,6.5411935,-1.0137,6.0236754,4.5201757,-4.8116818,-3.2895675,-3.8248816,-3.3991614,-3.46721,-3.33359,-3.9386854,-3.8956494,3.5278087,-6.9495032,34.168872,-12.611132,9.0723041,-12.266166,17.568062,-13.806672
-6.40392,0.77521453,1.0171711,2,3,0,9.5310947,5.5048659,0.77427552,-0.33074463,-1.1741251,-0.13910577,1.7824124,-0.59654825,-0.76615217,0.33822756,-0.36591551,5.2487784,5.3971597,5.0429732,5.7667472,4.5957696,6.8849442,4.911653,5.2215465,-4.7772511,-3.2553975,-3.8178738,-3.3231186,-3.309451,-3.4599436,-4.0780478,-3.8802168,-1.3980294,8.6710953,-3.5890865,-8.2821437,14.788285,-3.5708769,1.9744497,20.998706
-4.627005,0.92054288,0.95067785,2,3,0,8.5200685,4.5406383,3.188781,0.57266595,0.81328469,0.24329592,-1.829269,0.40653336,0.84801407,-0.21293849,0.20886047,6.3667446,5.3164557,5.8369841,3.8616241,7.134025,-1.2924999,7.2447694,5.2066486,-4.6669837,-3.2575307,-3.8440513,-3.3575338,-3.5245728,-3.338551,-3.7998986,-3.8805288,7.620703,-19.135172,-8.9375203,24.578355,19.028121,-13.16163,9.7128974,27.529845
-4.627005,0.13153633,1.4024188,2,3,0,7.759038,4.5406383,3.188781,0.57266595,0.81328469,0.24329592,-1.829269,0.40653336,0.84801407,-0.21293849,0.20886047,6.3667446,5.3164557,5.8369841,3.8616241,7.134025,-1.2924999,7.2447694,5.2066486,-4.6669837,-3.2575307,-3.8440513,-3.3575338,-3.5245728,-3.338551,-3.7998986,-3.8805288,-4.6986252,-9.26271,26.482828,-7.679688,31.190033,1.585615,-2.1686708,29.049118
-6.4555009,0.98056715,0.17896343,4,15,0,10.90977,5.5556817,4.3744695,1.8670662,-0.66742175,-0.3836152,-0.63434594,1.5833589,1.746104,0.37903032,0.92741704,13.723106,3.8775687,12.482037,7.2137382,2.6360656,2.7807547,13.19396,9.6126392,-4.0799436,-3.3064958,-4.1596786,-3.3170226,-3.1977741,-3.3299375,-3.3370137,-3.8181058,15.940315,13.338793,-13.497003,-4.4906576,1.0054307,5.445403,8.2189024,3.8365137
-4.7248678,0.99023449,0.32074375,3,15,0,9.6212717,5.0324718,8.1598502,1.2570144,0.24272323,-0.84641564,-1.4128964,-0.02253611,0.092405825,-0.64675209,0.27045166,15.289521,-1.874153,4.8485805,-0.2449284,7.013057,-6.4965515,5.7864895,7.2393168,-3.9860027,-3.7090181,-3.8118402,-3.5337304,-3.5125155,-3.5490581,-3.9673728,-3.8442858,5.1414103,-10.202322,-10.772921,-5.2158642,23.478265,5.3293647,13.087436,5.6594378
-7.171045,0.66991514,0.58822122,3,7,0,10.863944,6.7056677,0.10831516,-0.50916823,0.16248997,-1.4651181,0.80665655,-0.05531579,0.3370779,0.33884532,-0.0064688705,6.650517,6.5469732,6.6996761,6.7423698,6.7232678,6.7930408,6.7421783,6.704967,-4.6398786,-3.2320801,-3.8752845,-3.3171081,-3.484366,-3.4555087,-3.8552164,-3.8525778,14.952345,0.68215261,19.977898,13.911114,6.2830917,-14.669137,-9.635551,-18.496769
-7.1083866,0.97916403,0.40539715,4,15,0,9.9601813,7.5531555,10.447163,0.013134995,-0.66173461,2.0438241,-1.0448431,0.021752347,0.32557376,-0.090444908,0.30895593,7.690379,28.905319,7.7804059,6.6082628,0.63990614,-3.3624912,10.954478,10.780869,-4.5436125,-5.4066854,-3.9185139,-3.3174679,-3.1327637,-3.3954757,-3.4697205,-3.8116039,-28.404485,26.019,-28.667821,-1.0394303,2.0629152,-13.357448,7.0169801,-5.6336221
-5.9560198,0.8869164,0.71278787,3,7,0,10.078556,5.2746206,0.92841669,0.27780885,-0.28069984,1.0893363,1.7467316,-0.084969998,0.7955886,-0.8079178,0.039733299,5.532543,6.2859786,5.195733,4.5245362,5.0140142,6.8963153,6.0132583,5.3115097,-4.7487368,-3.236213,-3.8227187,-3.3421558,-3.3394246,-3.4604972,-3.9399335,-3.8783472,-7.7088995,-4.7531896,-1.0108986,2.9389989,4.5006165,2.0786042,-11.179406,13.037588
-6.8147403,0.68445034,0.94391041,2,3,0,11.334979,3.8408888,4.6011498,0.24102073,-1.3461312,0.43713629,1.1784286,-1.0616321,-1.3630338,0.14865805,-0.85092274,4.9498613,5.8522183,-1.0438396,4.5248868,-2.3528626,9.2630154,-2.4306338,-0.074334202,-4.8076752,-3.2445885,-3.699001,-3.3421486,-3.1274609,-3.5989719,-5.3085776,-4.0342942,-4.31301,6.8919535,18.021245,-9.85927,-7.5849288,12.760172,-14.831176,22.2179
-4.8715729,0.82457028,0.68412448,3,15,0,10.598686,4.6929084,2.3584475,0.32606874,-1.1630462,-0.58934888,0.63649909,0.1298207,-0.3642678,0.72611111,-1.3700777,5.4619244,3.30296,4.9990837,6.4054034,1.949925,6.1940581,3.8338019,1.461652,-4.7557995,-3.3318345,-3.8164986,-3.3182947,-3.1698795,-3.4283141,-4.2249295,-3.9806942,8.9240899,-5.0494393,14.132815,12.270536,12.650922,5.662456,-3.4428759,-24.598345
-5.4712595,0.7106112,0.75207789,3,7,0,11.107307,3.0053126,1.860487,0.13520047,0.98316879,0.85923632,-0.76033345,-0.28056284,1.0229912,-0.60481333,1.5320955,3.2568513,4.6039106,2.4833291,1.8800653,4.8344853,1.5907221,4.9085743,5.8557564,-4.9874852,-3.2791907,-3.7502517,-3.425155,-3.3262941,-3.3182758,-4.0784508,-3.8675691,1.0847363,9.4824449,-7.3052773,7.1699566,7.7688488,6.1428641,16.475859,14.611239
-4.6658247,1,0.59291057,3,15,0,8.0731414,5.2165425,9.3217109,0.83239117,-1.2523547,-0.3685373,0.33338592,-0.35379681,0.41025208,0.75828581,-1.3564075,12.975852,1.7811443,1.9185509,12.285064,-6.4575462,8.3242697,9.0407937,-7.4274962,-4.1285999,-3.4148945,-3.7387775,-3.4322549,-3.30002,-3.5385071,-3.6228605,-4.3917603,35.605098,4.3521147,19.520922,-17.712931,3.1033072,30.858843,16.944414,0.62314565
-7.1502844,0.42739467,1.08086,2,7,0,9.2117418,2.7972177,0.343897,0.089679732,1.2867251,0.50870199,0.074576948,0.48944178,0.53737342,-0.7361,1.6547686,2.8280583,2.9721588,2.9655353,2.5440751,3.2397186,2.8228645,2.9820188,3.3662877,-5.035048,-3.3479196,-3.7610343,-3.3988804,-3.2271212,-3.3305645,-4.3492224,-3.9243427,27.562264,-10.484975,2.6441741,-7.5513909,-3.386127,-1.8553654,9.6502625,2.234408
-10.716306,0.92239306,0.37990657,3,7,0,16.800692,4.803401,2.418496,-2.0091276,0.39466892,1.6260192,2.2748181,1.3202725,0.27313371,-0.33786426,0.96838947,-0.055666184,8.735922,7.9964748,3.9862777,5.7579062,10.30504,5.4639738,7.1454471,-5.3761452,-3.2242315,-3.9277039,-3.3543649,-3.3980723,-3.6746179,-4.0072834,-3.8456786,13.85904,10.029584,12.911433,7.764991,10.935188,10.397216,10.024658,13.083827
-8.4031563,0.99071108,0.55253456,3,7,0,12.667129,4.7961291,0.6618218,2.2047139,-0.87433313,-1.3473434,-1.2655324,-0.27592835,-0.54096581,-0.29718647,-0.74362037,6.2552568,3.9044279,4.6135137,4.5994446,4.2174764,3.9585722,4.4381061,4.3039849,-4.6777306,-3.3053922,-3.8047413,-3.3406465,-3.2842005,-3.3530038,-4.1411485,-3.9007125,-2.866095,14.837959,-1.2268477,1.5496697,13.524498,2.3894588,22.417899,-0.60328717
-9.0705247,0.62278851,0.967548,2,3,0,13.60763,4.5873675,1.4809066,1.7823793,-0.023144027,-1.0256101,1.3369671,0.059100158,-1.6646952,-1.7641962,-0.2591663,7.2269048,3.0685348,4.6748893,1.9747577,4.5530933,6.5672908,2.1221094,4.2035664,-4.5859254,-3.3431204,-3.806574,-3.4211853,-3.306514,-3.4449112,-4.4820607,-3.9031133,14.362491,12.789563,12.32129,-2.3399671,2.0898275,0.075049805,14.673645,11.119626
-9.6768059,0.97808289,0.60242488,3,7,0,11.673324,4.6819798,7.8574663,-1.3812501,-0.19906444,1.1261969,-1.4245856,-0.22877637,1.9841266,1.7846016,0.37978092,-6.1711465,13.531034,2.8843772,18.704427,3.1178377,-6.5116536,20.272188,7.6660956,-6.2218049,-3.3744853,-3.759156,-3.8829231,-3.2208334,-3.5499947,-3.2473378,-3.838296,-17.877983,34.699397,-0.96991476,8.7030397,-0.42127407,-6.1685132,35.66788,27.452377
-6.444616,0.66710632,1.0086255,2,3,0,10.335813,3.9362703,3.9275389,-1.0470468,-0.22521324,-0.5071178,-0.8696033,-0.39930853,2.191663,0.40960969,1.486826,-0.17604674,1.9445454,2.3679705,5.5450283,3.0517365,0.52086949,12.544112,9.7758373,-5.3911879,-3.4048663,-3.7478068,-3.3255815,-3.2175,-3.3177824,-3.3703572,-3.8169444,9.7545453,4.702285,-13.694883,6.7104295,-4.2740634,0.64278636,18.415291,19.875622
-9.0742987,0.84848969,0.71445024,3,7,0,12.439252,1.6224818,3.2196527,2.7471306,0.86007484,1.2105352,-0.069026119,-0.509598,-1.3142586,1.2210227,-0.10725482,10.467288,5.5199849,-0.018246827,5.5537509,4.3916241,1.4002416,-2.6089745,1.2771585,-4.3100909,-3.252276,-3.7088922,-3.3254769,-3.2956051,-3.3174958,-5.3451728,-3.9867475,-17.278978,6.805678,1.3920742,16.243901,3.2170579,-6.5771484,-2.1780306,4.2383263
-6.7675088,0.89552142,0.83298539,3,7,0,12.379966,2.0941468,2.6771436,-0.91967201,-0.94207578,-0.50015844,-0.20459875,0.30030222,2.4587405,-0.90103425,0.091280408,-0.36794717,0.75515088,2.898099,-0.31805119,-0.42792527,1.5464066,8.6765481,2.3385176,-5.4153008,-3.4839628,-3.7594717,-3.5381308,-3.1181833,-3.3180675,-3.6561574,-3.95336,-5.2654388,12.544194,5.483939,7.4547863,-6.4986512,12.766458,4.7240947,-27.962592
-6.0685824,0.36923905,1.0995755,2,3,0,9.8471941,1.6765664,4.1451541,0.040548803,1.0694252,0.12061246,-0.30659077,0.68734532,1.1951486,1.8110169,-1.0743341,1.8446474,2.1765236,4.5257187,9.1835105,6.1094986,0.40570039,6.6306414,-2.7767139,-5.1472164,-3.391088,-3.8021453,-3.3365351,-3.4281691,-3.3182933,-3.8678352,-4.1462721,18.16395,11.755024,14.19642,3.6796131,8.6761744,1.0815377,-0.65482641,29.79277
-5.3006282,0.95873097,0.35412199,3,7,0,10.159999,0.96539849,3.6710607,-0.94579236,0.36258048,0.8610171,0.1867668,1.288505,-0.050546177,0.65156728,0.61761909,-2.5066626,4.1262445,5.6955785,3.3573415,2.2964534,1.6510307,0.77984041,3.2327156,-5.6951142,-3.2965535,-3.8392091,-3.3716642,-3.1832409,-3.3185852,-4.7041931,-3.9279295,-6.8477686,15.406575,-10.114852,2.5098118,6.0678293,-3.8394412,11.889192,19.500938
-5.8950289,0.89675569,0.55400576,3,7,0,9.0537652,1.2907448,4.4091201,0.90277731,-0.74450777,0.57786822,0.29895076,-1.4360268,0.46327821,-1.411554,-0.96888847,5.2711983,3.8386351,-5.0408698,-4.9329664,-1.9918794,2.6088545,3.333394,-2.9812009,-4.7749852,-3.3081084,-3.6996623,-3.9052457,-3.1222361,-3.3275297,-4.2970703,-4.1556627,-7.2643638,12.017369,12.04897,-10.289306,-3.0749223,5.1881781,-15.122657,-19.739956
-5.0516857,0.96315251,0.73111768,2,7,0,9.1982281,3.7748995,1.2178846,-0.48816589,0.99954183,-0.39594057,0.31876889,-0.42106356,-0.58582802,0.75033918,1.0823484,3.1803698,3.2926896,3.2620927,4.688726,4.992226,4.1631232,3.0614286,5.0930749,-4.9959088,-3.3323175,-3.7681167,-3.3389081,-3.3378099,-3.3581782,-4.3373282,-3.8829301,30.5494,2.532456,-1.2539048,3.8533732,18.763462,10.897571,4.9451871,-15.73755
-5.0516857,0.24522635,1.1422507,2,3,0,10.494517,3.7748995,1.2178846,-0.48816589,0.99954183,-0.39594057,0.31876889,-0.42106356,-0.58582802,0.75033918,1.0823484,3.1803698,3.2926896,3.2620927,4.688726,4.992226,4.1631232,3.0614286,5.0930749,-4.9959088,-3.3323175,-3.7681167,-3.3389081,-3.3378099,-3.3581782,-4.3373282,-3.8829301,1.2324504,-5.2708073,1.0700983,14.228657,1.8155194,-4.7557716,-1.2771413,20.05705
-6.0768056,0.97810272,0.27634382,4,15,0,9.108212,2.5257948,1.1869543,0.16155884,-0.36259102,-0.035575419,-1.6390698,-0.1419915,0.29239794,-1.6999863,0.066650579,2.7175578,2.4835684,2.3572574,0.50798865,2.0954158,0.58029379,2.8728578,2.604906,-5.0474374,-3.3736787,-3.7475823,-3.4909917,-3.1753088,-3.3175617,-4.3656758,-3.945526,0.033588065,-5.7963453,-10.850555,-2.0743661,6.9803625,-1.4831702,16.400869,-12.693985
-5.298259,0.99984351,0.44885469,3,7,0,8.293227,2.2919699,6.5298464,0.6899577,0.25643289,-0.85470916,1.0351001,-0.49646714,0.19151395,1.4180843,-0.70043981,6.7972877,-3.2891497,-0.9498843,11.551843,3.9664372,9.0510148,3.5425265,-2.2817945,-4.6259999,-3.8587481,-3.6997362,-3.4024506,-3.2684193,-3.5846802,-4.2666163,-4.1240783,2.6064961,-11.921713,-17.438257,10.099516,-11.910867,24.254902,12.506258,-0.20679653
-7.28596,0.10950153,0.764859,3,7,0,11.408574,1.2924115,0.63357077,1.2126394,0.013512988,0.9590607,-1.2108968,-0.10171384,1.4624346,-0.37749815,0.90155347,2.0607044,1.9000443,1.2279686,1.0532397,1.3009729,0.52522269,2.2189673,1.8636094,-5.1222044,-3.4075709,-3.7264408,-3.4629659,-3.1488451,-3.3177653,-4.4667286,-3.9678696,-12.626205,-5.0026125,4.4104612,1.1706944,10.40112,4.1604032,-1.9857937,-15.086877
-8.013893,0.99602931,0.13593444,5,31,0,13.736422,3.5527203,5.1961592,0.60914126,1.8550665,0.52372803,-0.77336372,-1.496906,1.0890603,-1.5713338,0.4720095,6.7179153,6.2740945,-4.2254415,-4.61218,13.191941,-0.46580062,9.211651,6.0053568,-4.6334935,-3.2364174,-3.6944603,-3.8740351,-4.3594421,-3.3257122,-3.607699,-3.8647667,7.2433668,5.1558111,-9.2066685,9.7011835,12.698968,-1.964175,11.0188,19.97334
-8.1864211,0.9902619,0.2295997,4,31,0,12.247812,4.3096647,1.5041453,0.56474731,1.5834288,-0.29016422,-1.5591742,-1.2138118,0.99946322,-1.6524955,0.73748224,5.1591267,3.8732156,2.4839154,1.8240714,6.6913717,1.9644403,5.8130026,5.4189451,-4.7863343,-3.3066754,-3.7502642,-3.4275373,-3.481331,-3.3206774,-3.9641382,-3.8761471,17.257631,-9.0824358,-39.996617,-11.374495,6.8499246,24.544105,15.527572,11.790183
-5.9773899,1,0.37928668,4,15,0,11.112022,3.210604,4.3701432,0.61948883,-1.6143342,0.6906389,1.0750706,1.0459811,0.37995691,1.5204458,-0.028651506,5.9178589,6.2287949,7.7816912,9.8551699,-3.8442678,7.9088167,4.8710701,3.0853928,-4.7105909,-3.2372095,-3.918568,-3.3505197,-3.1661005,-3.5140724,-4.0833676,-3.9319495,5.9928491,11.427794,21.264228,7.8657607,11.187821,-13.652112,-8.0333562,-11.785208
-6.6692765,0.59228566,0.63710656,3,7,0,11.066103,2.5806563,1.0679753,-0.31508119,-0.18472019,-0.42182751,-1.064259,-0.61344471,0.064982035,-2.1216183,0.53963899,2.2441573,2.1301549,1.9255125,0.31482023,2.3833797,1.4440539,2.6500555,3.1569774,-5.1011297,-3.393799,-3.7389114,-3.50151,-3.1868252,-3.3176486,-4.3996276,-3.9299878,-9.4788827,10.831585,-33.732464,16.103762,4.6982285,1.9598435,8.2821635,22.744138
-5.2656684,0.98749137,0.39009058,3,15,0,9.2954612,4.0081293,1.2577339,-1.5690053,-0.46722776,-0.45780745,-0.12865427,0.22345254,0.22415581,0.83965673,0.85690404,2.0347382,3.4323294,4.2891731,5.064194,3.4204811,3.8463165,4.2900577,5.0858865,-5.1251994,-3.3258417,-3.7953008,-3.3323187,-3.2367844,-3.3503112,-4.1613362,-3.8830834,-4.9493954,16.754685,11.566832,1.904525,-4.2069191,1.9780471,3.534587,-0.85066799
-4.5445858,0.85897422,0.63063481,3,7,0,10.116446,3.6104733,5.7994003,2.1823922,-0.54006502,1.1133912,0.40222276,-0.28492494,0.37879263,-0.32398695,-0.66058386,16.267039,10.067475,1.9580795,1.7315432,0.47842003,5.9431241,5.8072433,-0.22051696,-3.9329051,-3.2428959,-3.7395401,-3.4315307,-3.1296552,-3.4178027,-3.9648402,-4.0397749,8.602719,8.7762546,-8.0116015,18.998499,3.0436714,1.0428896,18.715667,-1.0615544
-4.5445858,0.15379171,0.74169297,2,3,0,12.685042,3.6104733,5.7994003,2.1823922,-0.54006502,1.1133912,0.40222276,-0.28492494,0.37879263,-0.32398695,-0.66058386,16.267039,10.067475,1.9580795,1.7315432,0.47842003,5.9431241,5.8072433,-0.22051696,-3.9329051,-3.2428959,-3.7395401,-3.4315307,-3.1296552,-3.4178027,-3.9648402,-4.0397749,13.801216,13.2389,-4.9600081,20.165693,-4.2097675,-3.7080502,12.833248,-19.507846
-7.7664551,0.98958759,0.15957179,5,31,0,10.098833,0.76146859,1.6081314,-1.0661252,0.35350495,0.63080843,-1.0314324,1.9389124,1.2932088,-0.37672715,0.75923127,-0.95300081,1.7758914,3.8794945,0.15564184,1.329951,-0.8972102,2.8411182,1.9824122,-5.4898249,-3.4152213,-3.7839637,-3.5104092,-3.1496734,-3.3317074,-4.3704821,-3.9641746,-17.138902,3.2938382,0.35489618,-18.753544,15.382953,2.0937115,-3.3408909,-1.4484346
-10.290796,0.97219461,0.25820004,4,15,0,15.950024,-1.2860559,2.8198773,1.4614606,0.91592229,1.108123,-1.3772034,1.9178526,1.8857433,-1.0414568,0.67381,2.8350837,1.8387151,4.1220531,-4.2228364,1.2967326,-5.1696006,4.0315088,0.61400566,-5.0342621,-3.4113308,-3.7905969,-3.8372969,-3.1487247,-3.4741229,-4.1971174,-4.0093734,-0.6500953,-7.3436133,48.62819,5.2434433,-4.5253187,14.451392,6.4999129,-20.494119
-8.3628135,0.96905291,0.39824099,4,23,0,20.12111,7.3378667,2.7865396,-0.24526692,-1.4009244,-0.81254433,1.2982492,-2.0542939,-0.55329668,1.4860393,0.073313966,6.6544207,5.0736798,1.6134955,11.478774,3.4341354,10.955489,5.7960836,7.542159,-4.6395082,-3.2643404,-3.7330982,-3.399724,-3.2375307,-3.7263866,-3.9662015,-3.8399775,8.7659267,0.65798223,15.659413,16.189954,-10.184869,18.051535,21.746224,1.8548952
-11.372935,0.36197216,0.60610978,3,7,0,16.487274,6.5116509,0.29045163,-0.64674026,-1.665657,0.6640035,-0.21750738,-2.074658,0.54849458,0.93832401,2.1857004,6.3238041,6.7045118,5.9090631,6.7841886,6.0278581,6.4484755,6.670962,7.1464912,-4.6711164,-3.2299151,-3.8465495,-3.3170263,-3.4210445,-3.4395028,-3.8632591,-3.845663,18.264111,17.744482,26.041645,22.838734,2.5625588,-2.0693992,-3.1016847,25.247743
-6.3414945,0.99923957,0.22139726,4,15,0,15.005375,4.5609872,1.7196602,-0.55364997,-1.5088581,0.6087643,-0.70803936,-0.49391015,-1.2641014,-0.031340301,1.3461979,3.6088974,5.6078549,3.7116296,4.5070926,1.9662641,3.3434002,2.3871625,6.8759902,-4.9490463,-3.2501354,-3.7795077,-3.3425139,-3.1704762,-3.3395261,-4.4403271,-3.849828,24.992408,22.214022,0.48041412,4.1983444,1.5144806,-4.698733,5.9996868,18.788478
-7.5180865,0.98586545,0.36079294,3,15,0,10.931723,4.8409364,1.3221053,0.61642548,0.92983474,1.6018543,0.28475945,-1.4911151,-0.8257231,-0.69348385,1.3853499,5.6559158,6.9587566,2.8695252,3.9240777,6.0702759,5.2174184,3.7492435,6.6725149,-4.7364512,-3.2269446,-3.758815,-3.3559301,-3.424736,-3.3903322,-4.2369439,-3.8531098,-21.820571,3.9388457,-8.069927,26.156089,6.7875701,0.53176672,-3.2414635,-44.791911
-3.84251,0.97573102,0.56640604,3,15,0,8.3547096,2.279631,8.1468396,0.60224181,-0.83833378,-0.58179692,-0.31970132,0.7705997,1.5237162,0.68500051,-0.11320237,7.1859984,-2.4601751,8.5575832,7.8602203,-4.5501398,-0.32492435,14.693103,1.3573895,-4.5897058,-3.7685999,-3.9524213,-3.3198916,-3.1939624,-3.3240876,-3.2762015,-3.9841022,8.0599526,6.8218918,2.9049549,1.4611654,-17.581156,-5.7309203,10.321552,5.8577998
-5.2183838,0.76532132,0.86366225,3,7,0,6.6859167,1.4083379,3.0982191,-0.36552707,-1.399553,-0.20073659,0.097439209,0.72413056,1.0755105,-0.48766491,-0.99790887,0.27585501,0.78641201,3.651853,-0.10255479,-2.9277839,1.710226,4.740505,-1.6834023,-5.3350514,-3.4817029,-3.7779475,-3.5252895,-3.1391035,-3.3189182,-4.1005947,-4.098254,-1.0344118,6.5864242,-4.8761727,-8.0238928,11.564211,14.265,2.8546714,-4.6753926
-3.3488248,0.42858974,0.81037858,3,7,0,6.8891,-0.31725417,8.4704105,0.064879558,0.25803728,0.57124366,-0.073020717,-0.49508646,1.6075863,0.25472588,0.87053814,0.23230233,4.5214141,-4.5108397,1.8403786,1.8684275,-0.93576962,13.299661,7.0565613,-5.3404221,-3.2820264,-3.6959855,-3.4268408,-3.1669525,-3.3323181,-3.3319895,-3.8470226,-45.870869,6.4732563,-29.080188,-3.783352,-0.57093332,0.32222676,12.944271,-23.477266
-3.0319199,0.88598357,0.35458283,3,7,0,6.2744387,-0.66792289,9.4515427,1.1620486,-0.0077826521,0.37502928,0.11452275,-0.26349158,0.020023446,0.35970432,0.67031561,10.315229,2.8766824,-3.1583248,2.7318379,-0.74148096,0.4144938,-0.47867044,5.6675937,-4.3219913,-3.3527655,-3.6915762,-3.3921115,-3.1165757,-3.3182504,-4.9288299,-3.871192,11.206678,8.139339,-24.114578,0.6078027,-3.1931931,23.066234,6.2652406,-2.8767558
-2.2175204,0.34322328,0.43936139,2,3,0,5.077804,-0.75989046,18.532393,0.73052129,0.0057844029,0.26489768,-0.028811574,0.22055956,0.2673923,0.53154607,0.73439208,12.778417,4.1492974,3.327606,9.0909301,-0.65269163,-1.2938379,4.1955287,12.850152,-4.1418701,-3.2956632,-3.7697276,-3.3348999,-3.1169077,-3.3385763,-4.1743408,-3.8104257,29.634319,22.824969,18.135652,-2.5295988,-16.129019,-9.5316847,0.53589165,12.625419
-3.1715101,0.96581352,0.16097309,4,15,0,6.2514486,-0.11160717,16.120681,1.3840431,0.49079419,0.46344465,0.69486113,0.092320354,0.47071492,0.45537001,0.78123737,22.200111,7.3594362,1.3766598,7.2292677,7.8003294,11.090028,7.476638,12.482471,-3.7017414,-3.2235752,-3.7289397,-3.317051,-3.5942236,-3.7375307,-3.7752294,-3.8096695,13.412544,-0.40963049,-10.750879,-0.22825001,20.437525,-6.4966081,2.4565916,3.447511
-3.9666098,0.95775973,0.23872678,4,31,0,6.3162253,3.5819125,2.8568716,-0.32947386,-1.2583887,0.13693647,-1.0307636,-0.24433293,1.0641136,-0.13919823,-0.33804613,2.640648,3.9731224,2.8838847,3.184241,-0.013142411,0.63715331,6.6219483,2.6161581,-5.0560926,-3.3026023,-3.7591446,-3.3769992,-3.1221748,-3.3173778,-3.8688239,-3.9451999,22.176674,9.0071913,-19.859337,12.684432,-13.932812,6.2259063,3.7820745,16.541163
-2.7089472,0.99576864,0.34610807,3,7,0,5.3553654,3.9930017,8.334832,0.017989132,-0.43452107,1.2026131,-0.015831333,-0.11099444,0.47498211,0.32897231,-0.088586555,4.1429381,14.01658,3.0678817,6.7349306,0.37134159,3.8610502,7.9518978,3.2546476,-4.8917874,-3.4025198,-3.7634397,-3.3171241,-3.1277716,-3.3506586,-3.7263454,-3.9273368,2.9010122,2.715064,6.5404818,11.004094,-4.5606148,-6.1038518,10.916104,11.668833
-4.2511207,0.59262113,0.54310866,3,7,0,6.9093563,2.6930005,1.920195,0.42645968,0.077090863,-1.5156689,-0.55066499,-0.20712528,0.29085831,0.073200622,0.37252403,3.5118863,-0.21737933,2.2952796,2.83356,2.84103,1.6356163,3.2515052,3.4083193,-4.9595837,-3.5591502,-3.7462929,-3.3885661,-3.2072342,-3.3185033,-4.3091141,-3.9232254,4.6186978,-8.6525915,9.4567265,-25.338519,-9.3506684,-4.6615343,-7.8738195,18.052197
-7.6009955,0.87277907,0.3509817,3,7,0,13.496868,2.9631011,2.1022562,1.8105543,0.58993617,-0.85526806,-0.96391394,1.1559971,0.051090991,-1.6956709,0.74256114,6.76935,1.1651086,5.3933031,-0.60163338,4.2032981,0.93670711,3.0705075,4.5241549,-4.6286343,-3.4551023,-3.8291201,-3.5556141,-3.2832885,-3.3168504,-4.3359724,-3.8955576,-23.492906,4.8903213,-14.162159,8.8750026,-1.4832976,-7.2786771,-8.4232378,7.8703771
-10.559832,0.94686661,0.4191997,3,7,0,13.811999,1.1883143,3.0902588,-1.0036184,-1.1594705,1.8521318,0.83057487,-1.331637,-0.027973966,2.4209935,-1.0066228,-1.9131262,6.9118809,-2.9267885,8.6698107,-2.3947496,3.7550056,1.1018675,-1.9224106,-5.6154223,-3.2274436,-3.6915377,-3.3283556,-3.1281713,-3.3481977,-4.649258,-4.1084361,-5.4420722,11.715483,-25.879644,-11.229657,-3.0219143,9.8459705,3.0233468,-2.5877014
-9.1472623,0.96503694,0.58641342,2,3,0,13.828952,0.97240721,1.6816095,-0.51247836,-0.45873562,2.0013064,1.155735,0.12483538,1.0266448,1.6641626,-1.6451669,0.11061874,4.3378231,1.1823316,3.7708788,0.20099304,2.9159022,2.6988229,-1.7941211,-5.3554723,-3.2885813,-3.7256911,-3.3599215,-3.1250667,-3.3320019,-4.3921537,-4.1029488,-4.8462057,12.642391,36.325581,9.464114,3.1241269,-3.017916,11.586523,14.454428
-7.2018273,1,0.84969955,3,7,0,13.221098,2.7720893,2.7845207,0.92784766,-0.037934021,-1.6910625,-0.69019772,-0.65052312,0.46318705,-1.2330649,1.8088058,5.3557003,-1.936709,0.96069428,-0.66140545,2.6664613,0.85021954,4.0618432,7.8087464,-4.766465,-3.7152146,-3.7221661,-3.5593839,-3.1991442,-3.3169265,-4.1928847,-3.8364193,-3.9931798,1.4228706,2.750531,-10.506329,-7.8812868,15.317533,7.9182589,45.565345
-7.2018273,0.20150047,1.3211527,2,3,0,13.326246,2.7720893,2.7845207,0.92784766,-0.037934021,-1.6910625,-0.69019772,-0.65052312,0.46318705,-1.2330649,1.8088058,5.3557003,-1.936709,0.96069428,-0.66140545,2.6664613,0.85021954,4.0618432,7.8087464,-4.766465,-3.7152146,-3.7221661,-3.5593839,-3.1991442,-3.3169265,-4.1928847,-3.8364193,8.3291023,3.882173,-5.9911733,15.07726,-0.14802732,-2.3422969,0.59485023,1.3703942
-7.7399117,0.91107788,0.37428573,4,15,0,14.272182,5.1142092,1.1778681,-0.027347229,-1.0611571,-0.77333045,-1.7328291,0.19778003,-1.9614587,-0.62010448,0.27868383,5.0819978,4.203328,5.347168,4.383808,3.8643062,3.0731652,2.8038696,5.442462,-4.7941772,-3.2935972,-3.8276117,-3.3451167,-3.2622216,-3.3345942,-4.3761355,-3.8756703,-6.667568,-1.9321711,10.89282,10.885524,10.035384,12.227823,4.4126291,-19.421685
-6.7885878,0.77074984,0.48197399,3,7,0,15.03347,4.6789394,6.5881569,-0.25697942,0.19326238,-0.32641653,-0.15384294,-0.67163373,0.46087379,-2.2614314,1.0780546,2.9859186,2.5284561,0.254111,-10.219726,5.9521823,3.6653979,7.7152482,11.781332,-5.0174427,-3.3712126,-3.7122094,-4.5421187,-3.414514,-3.3461906,-3.7504042,-3.8093841,8.2638438,-18.640501,20.687211,-6.5084364,13.124012,-4.7524878,-0.78856181,28.879952
-5.4998161,1,0.46073791,3,7,0,9.5884546,4.9402654,3.0098666,-0.82357852,0.94115844,0.052131069,1.0183873,-1.0265741,0.39005461,-1.140462,0.56265513,2.461404,5.097173,1.8504143,1.5076271,7.7730267,8.0054754,6.1142777,6.6337823,-5.0763663,-3.2636556,-3.7374775,-3.4414874,-3.5912619,-3.51963,-3.9278756,-3.853749,-2.2152737,7.6472867,27.092139,4.4431204,1.4545429,17.979621,-5.4440422,14.554776
-8.9550627,0.37387659,0.7117206,3,15,0,12.679655,8.5677736,0.14971652,1.5893288,0.6364882,-0.047570678,-1.6141506,-0.32716347,-0.38413796,0.43419437,-0.68972626,8.8057224,8.5606515,8.5187919,8.6327797,8.6630664,8.3261086,8.5102618,8.4645102,-4.4457005,-3.2230953,-3.9506729,-3.3278502,-3.6925511,-3.5386184,-3.6717993,-3.8285999,3.017375,-10.635074,19.451283,7.7596904,1.2348243,33.156056,11.538936,24.018154
-10.922205,0.97568671,0.29742764,3,15,0,13.394713,7.9736235,0.050603722,0.79949851,0.23828645,0.46986901,-2.1141237,0.8743324,0.85714696,1.1580239,-0.64414535,8.0140811,7.9974006,8.017868,8.0322238,7.9856817,7.866641,8.0169983,7.9410274,-4.5146264,-3.2215237,-3.9286238,-3.3212366,-3.6145735,-3.5116717,-3.7198252,-3.8347351,2.6824389,15.92663,-23.67997,17.686122,7.9595119,16.237014,29.22839,-6.9787319
-9.4888305,1,0.43583747,3,7,0,14.551473,6.2449332,0.086325231,-0.5661517,0.72130419,-0.91908108,1.5148205,-0.92506008,-0.85984337,-1.3891727,0.36505939,6.19606,6.1655933,6.1650772,6.1250125,6.3071999,6.3757004,6.170707,6.276447,-4.6834594,-3.2383489,-3.8555871,-3.3199975,-3.4457629,-3.4362477,-3.9211845,-3.8598644,-17.068592,14.550617,18.824329,5.2607127,15.831842,-9.3334949,1.1382767,-11.326198
-10.262505,0.77767564,0.66871321,2,7,0,14.277442,6.3533093,0.18012016,1.0134466,1.971473,-1.2158772,-0.83637355,-0.22894307,-1.4670761,-0.46337207,-1.0305163,6.5358515,6.1343053,6.312072,6.2698466,6.7084113,6.2026616,6.0890593,6.1676925,-4.650788,-3.2389277,-3.8608919,-3.3190368,-3.4829508,-3.4286838,-3.9308762,-3.8618038,-2.6711051,5.3090591,-18.745047,8.6379031,14.830502,-13.979202,12.594485,-4.2082495
-9.3919863,0.9968457,0.64780445,3,7,0,15.468024,3.9389714,8.6357158,-1.5436054,-2.1415264,0.58532196,0.077825589,-0.77035038,1.2629824,0.4808531,1.1208822,-9.3911664,8.9936455,-2.7135555,8.0914821,-14.554642,4.6110511,14.845728,13.618591,-6.7338761,-3.2264603,-3.6916875,-3.3217567,-4.2502885,-3.3707168,-3.2712708,-3.8133533,-16.022414,-1.2366539,-7.440577,11.547555,-17.192418,-1.8867182,-3.6651445,33.618891
-11.021847,0.66731063,0.98111245,2,3,0,16.536911,1.4019151,0.34162483,-0.88795163,1.8364013,-1.1680839,-1.5642204,0.83507678,1.2590506,0.08279331,-1.5454801,1.0985688,1.0028686,1.687198,1.4301993,2.0292754,0.86753855,1.832038,0.87394072,-5.2351821,-3.4663229,-3.7344371,-3.4450267,-3.1728082,-3.3169063,-4.5285386,-4.000343,36.153659,9.5387319,-18.800323,2.5771447,-2.4747245,-37.052455,3.2207901,7.1517978
-11.943896,0.66579659,0.75856027,3,15,0,17.036015,7.3313896,1.8327601,1.3101319,-1.8092717,0.17160657,1.8290621,-1.7776438,0.58128648,2.5474504,0.64288017,9.7325472,7.6459033,4.073395,12.000255,4.0154286,10.683622,8.3967483,8.5096348,-4.3685439,-3.2221505,-3.7892478,-3.4201501,-3.2714379,-3.7043236,-3.6826358,-3.8281107,7.1432018,17.848985,24.003979,17.059468,18.993268,18.725302,19.835952,9.4304288
-10.091498,0.95946531,0.58618103,3,7,0,17.013593,3.3420135,2.2174815,0.18763051,1.3933436,-0.048191252,-2.1948764,1.1770819,0.69053184,-2.3914226,-0.24108834,3.7580807,3.2351503,5.9521709,-1.960922,6.4317271,-1.5250845,4.8732551,2.8074045,-4.9329235,-3.3350426,-3.8480534,-3.6486442,-3.4570925,-3.3431811,-4.0830808,-3.9397174,-8.2690435,12.07109,17.086534,-14.198946,5.541003,-1.1934023,3.7828356,-9.9097302
-6.8758953,0.89936803,0.81876212,2,3,0,13.786424,3.7841522,1.2102874,1.1813747,0.58612008,0.2107394,-1.6054419,0.029670201,-0.48375937,-1.2113615,1.3615536,5.2139551,4.0392074,3.8200616,2.3180566,4.4935259,1.841106,3.1986643,5.4320233,-4.780775,-3.299963,-3.7823734,-3.4074148,-3.3024522,-3.3197572,-4.3169213,-3.8758818,12.147814,8.8686635,22.244193,14.334868,-9.6126121,-13.12121,6.3084663,10.476469
-6.8758953,0.10560739,1.0108768,2,3,0,11.824006,3.7841522,1.2102874,1.1813747,0.58612008,0.2107394,-1.6054419,0.029670201,-0.48375937,-1.2113615,1.3615536,5.2139551,4.0392074,3.8200616,2.3180566,4.4935259,1.841106,3.1986643,5.4320233,-4.780775,-3.299963,-3.7823734,-3.4074148,-3.3024522,-3.3197572,-4.3169213,-3.8758818,-4.9872974,1.3515168,-2.4674931,-4.4323053,-0.84986735,3.1525719,-11.87497,25.56415
-6.7285585,0.99259748,0.25712259,4,15,0,12.775761,5.2833575,7.026069,-0.11372272,-1.2114601,1.0852226,1.176187,-1.402011,1.5991435,-0.76333464,-0.37061264,4.4843338,12.908206,-4.5672687,-0.079884394,-3.2284448,13.547329,16.51905,2.6794075,-4.8558477,-3.3419761,-3.6963248,-3.5239609,-3.1468172,-3.9673935,-3.2324897,-3.9433742,25.730757,9.3492797,-12.029901,-4.7410204,-1.1259318,21.769778,35.797595,-8.576152
-11.637484,0.9891325,0.38305755,4,31,0,17.476117,14.863147,1.1220233,0.82026332,0.31584417,-0.98718043,-1.6314538,1.0664151,-0.98629816,0.46687817,0.42506604,15.783502,13.755508,16.05969,15.386996,15.217532,13.032618,13.756498,15.340081,-3.9586395,-3.387153,-4.4010425,-3.607502,-4.7396714,-3.9151144,-3.3115602,-3.8265266,26.055385,6.4779603,4.3371731,16.822394,13.548478,5.6341982,16.881304,9.9774972
-6.7845639,0.87747241,0.56459334,3,7,0,15.295171,13.150473,5.4418031,-0.075431153,0.021108147,0.0015882195,-0.58653641,-0.62145289,0.92104012,0.52893369,-0.88520672,12.739992,13.159116,9.7686487,16.028826,13.265339,9.9586573,18.162592,8.3333523,-4.1444729,-3.354606,-4.0099616,-3.6536921,-4.3723354,-3.6484765,-3.2216558,-3.8300577,41.229,12.628028,-10.605453,12.176974,13.938299,2.4733838,40.163675,-5.2509393
-5.9972921,0.83780311,0.66614884,3,15,0,14.84405,3.2280639,3.9783882,-1.0862953,0.82696341,0.78391447,0.89318682,-0.0353488,1.1827956,-1.3477067,-0.062198143,-1.0936403,6.34678,3.0874327,-2.1336365,6.5180454,6.7815078,7.933684,2.9806156,-5.5079663,-3.2351893,-3.7639039,-3.6615583,-3.4650582,-3.4549571,-3.7281772,-3.9348493,-9.9218029,5.2970031,11.99838,2.1214732,17.589627,17.09771,25.658589,-22.12133
-2.3727254,0.75785078,0.72629149,2,3,0,11.358085,4.3099782,3.5179185,0.23426672,-0.74336759,0.21652743,-0.568761,-0.32647245,0.33748197,-0.12711041,-0.049018643,5.1341094,5.071704,3.1614747,3.8628141,1.6948715,2.3091233,5.4972123,4.1375346,-4.7888753,-3.2643982,-3.7656752,-3.357503,-3.1609923,-3.3239156,-4.0031221,-3.904709,14.751412,27.024029,1.8048417,15.950418,-2.5111786,-1.8832459,8.0174281,14.268732
-3.2508876,0.73210112,0.67745712,1,3,0,6.7177192,4.3339119,2.3879508,0.041360083,0.26582914,-0.017113273,0.73571207,0.7108628,0.027599564,-0.28750013,0.47419821,4.4326778,4.2930463,6.0314173,3.6473757,4.9686988,6.0907562,4.3998183,5.4662739,-4.8612525,-3.2902312,-3.8508368,-3.3632805,-3.3360728,-3.4239239,-4.1463483,-3.8751893,18.512037,9.2155412,-13.676931,-0.23235217,2.6098608,-29.831705,2.5264578,3.58141
-7.1058594,0.74943987,0.60159381,3,7,0,9.1090051,3.2449214,3.0080048,-1.144655,-1.0146413,0.377933,1.2857478,-1.6713933,0.21065738,-0.52133469,-1.1972037,-0.19820629,4.3817457,-1.7826375,1.6767441,0.19287557,7.112457,3.8785798,-0.35627295,-5.3939639,-3.2869824,-3.6944217,-3.4339291,-3.1249468,-3.4712228,-4.2185962,-4.0449237,-12.941866,-3.9705997,14.661885,-8.8399928,-7.528316,-4.1816787,14.518506,0.08306099
-8.8152938,0.95897798,0.55291108,3,7,0,12.853852,2.4567871,5.474986,0.67309611,2.0455724,-1.2594576,-0.3525179,1.3263733,0.86173669,0.37688846,1.4259674,6.1419789,-4.4387258,9.7186625,4.5202462,13.656267,0.52675654,7.1747834,10.263938,-4.6887067,-3.9951331,-4.0074733,-3.3422436,-4.4421271,-3.3177593,-3.8074502,-3.8139614,2.2246421,0.41978519,-1.0431604,8.538566,10.489353,-1.3091913,6.3715793,29.579828
-5.6324029,0.96175642,0.75951025,2,3,0,10.703966,2.6085462,3.09076,-0.83711421,-1.1147675,0.5902276,0.74896628,-1.7737875,0.061459518,0.46654812,0.065273383,0.021227092,4.432798,-2.8738052,4.0505344,-0.83693261,4.9234211,2.7985028,2.8102905,-5.3665704,-3.2851483,-3.6915584,-3.3527815,-3.1163273,-3.3804422,-4.3769512,-3.9396355,-13.48415,-3.9647914,1.6255162,2.2955108,-2.2235171,4.0469492,-10.82363,-15.541838
-6.4531281,0.57685183,1.0458008,1,3,0,8.4408977,2.78636,2.9293484,-0.012239059,-1.7273702,1.2108824,1.3679305,-0.27703439,0.72732065,1.1037471,0.95254425,2.7505075,6.3334564,1.9748297,6.0196199,-2.2737092,6.793505,4.9169356,5.5766939,-5.0437373,-3.2354105,-3.739865,-3.3208055,-3.1261775,-3.4555309,-4.0773565,-3.8729814,16.778759,-9.4570853,3.67163,-11.089241,4.3350512,14.812949,17.753461,-23.294287
-7.6676839,0.88415099,0.69173292,3,7,0,12.197882,2.2120812,2.1846981,0.59443751,2.1554986,0.49000065,-1.5343147,0.62444167,-0.33585417,0.35532769,-0.97941849,3.5107477,3.2825847,3.5762977,2.9883649,6.9211949,-1.1399332,1.4783412,0.072347521,-4.9597076,-3.3327937,-3.7759954,-3.3833347,-3.50348,-3.3357566,-4.5863497,-4.0288611,23.118308,4.5645788,3.9072437,11.506926,6.9392249,-11.341411,11.018003,18.318703
-9.4824258,0.63596124,0.82053368,3,7,0,15.816135,-0.91738905,2.1657705,0.96829081,-1.8983585,-0.1481846,2.1491467,-0.17825939,0.67222256,-1.2482276,-0.22251459,1.1797066,-1.2383229,-1.303458,-3.6207636,-5.0287979,3.7371694,0.53849074,-1.3993046,-5.2254957,-3.6482567,-3.6971488,-3.7829521,-3.2163558,-3.3477929,-4.7460452,-4.0863803,-5.3130974,-3.2494908,4.8553634,13.619286,-15.476013,9.7011455,4.1962157,-14.826293
-6.2664027,0.99581778,0.6093491,3,7,0,12.647399,-1.4322686,4.3941072,-0.54816346,1.2518572,1.3853042,0.01968791,-0.74592991,0.55476583,-0.30413949,-0.38498548,-3.8409576,4.6549065,-4.7099646,-2.7686901,4.0685263,-1.3457578,1.0054319,-3.1239361,-5.8799811,-3.2774719,-3.6972382,-3.7111615,-3.2747431,-3.3395717,-4.6656003,-4.162294,2.4465529,-0.39497967,-21.633257,-9.4595734,17.635323,-8.8206601,-3.8313484,-19.790111
-6.2664027,0.063819887,0.88999625,3,7,0,12.260477,-1.4322686,4.3941072,-0.54816346,1.2518572,1.3853042,0.01968791,-0.74592991,0.55476583,-0.30413949,-0.38498548,-3.8409576,4.6549065,-4.7099646,-2.7686901,4.0685263,-1.3457578,1.0054319,-3.1239361,-5.8799811,-3.2774719,-3.6972382,-3.7111615,-3.2747431,-3.3395717,-4.6656003,-4.162294,-4.0123291,15.112937,8.1780429,0.27282991,-6.0047254,8.9965186,9.1753839,7.992999
-5.1347096,0.99447324,0.22792791,4,15,0,8.5411273,0.79824161,4.8009588,1.4633904,-1.0125525,-1.184515,0.042666933,0.40807093,0.28841807,0.37167431,0.74668224,7.8239185,-4.8885662,2.7573734,2.5826347,-4.0629812,1.0030838,2.1829249,4.3830323,-4.5315982,-4.0520993,-3.7562682,-3.3974665,-3.1740758,-3.3168338,-4.472423,-3.8988445,41.266252,2.224293,-10.275557,7.1794486,5.6359817,-8.4291614,-13.959928,14.336659
-5.6574643,0.9783158,0.33235997,4,15,0,10.307275,-0.734937,5.9500855,0.67573631,1.0118186,1.6804105,0.56981537,-1.0694691,1.4094418,0.48558378,-0.054323019,3.2857518,9.2636491,-7.0983694,2.154328,5.2854702,2.6555132,7.6513623,-1.0581636,-4.9843089,-3.2295077,-3.7243332,-3.4138608,-3.3600343,-3.3281591,-3.7569951,-4.0724517,-15.269181,8.9293341,-4.0646786,1.1973069,13.012843,-11.984364,2.951088,-9.7587105
-7.197667,0.80990833,0.46884835,3,7,0,12.029018,-1.8627722,2.9792499,0.21415135,-0.82733322,-1.3617031,-0.54353587,0.99200011,-0.40836955,0.40970987,0.29052014,-1.2247618,-5.9196259,1.0926441,-0.64214409,-4.3276046,-3.4821014,-3.0794072,-0.9972401,-5.5249592,-4.1903036,-3.7242416,-3.5581659,-3.1845147,-3.3998472,-5.4432307,-4.070002,8.3435552,-12.854511,3.5237978,3.6059726,-21.767282,11.792468,7.111327,-6.4897736
-6.7159848,0.99620436,0.48365431,3,7,0,9.2984366,-1.5099881,1.6583339,-0.96601234,-0.22111862,1.3648235,0.92371196,0.065728881,1.0135721,0.54956609,-0.13753075,-3.1119591,0.75334496,-1.4009877,-0.59862403,-1.8766766,0.02183477,0.17085294,-1.73806,-5.7779976,-3.4840937,-3.6965211,-3.5554251,-3.1209073,-3.3207876,-4.810916,-4.1005669,0.93309379,-4.0348965,7.1792049,-19.347643,3.6316361,11.180532,20.061439,7.8450566
-9.1738626,0.79310985,0.70182008,3,7,0,14.099519,1.9192979,6.1038714,2.2735959,0.68857214,0.19781101,-0.44360765,1.8249365,0.94901719,-1.7828591,-0.62174685,15.797035,3.1267108,13.058476,-8.9630448,6.1222537,-0.78842616,7.7119767,-1.8757649,-3.9579051,-3.3402684,-4.1951887,-4.3698041,-3.4292896,-3.3300506,-3.7507407,-4.1064351,31.097471,-7.4611573,45.477711,2.0070897,11.251035,-4.954231,18.832843,7.4290887
-9.347296,0.70076057,0.70069665,3,15,0,16.776461,0.050668729,1.5642711,-0.24018522,1.5829705,-0.33096444,0.40576469,-1.8289336,1.1360149,-1.7259547,-0.77082597,-0.32504608,-0.46704939,-2.8102792,-2.6491924,2.5268638,0.68539471,1.827704,-1.1551121,-5.4098959,-3.5799783,-3.6915976,-3.7015731,-3.1929456,-3.3172428,-4.5292394,-4.0763735,-7.9775147,10.768445,-27.333067,-20.365173,-7.3528869,-3.6658388,-3.3220041,-7.798678
-7.5298865,0.85291683,1.1828509,2,3,0,12.382542,2.9924804,1.6751565,-0.0098237236,-0.99226587,-1.7066474,-1.2712311,-1.2591521,0.906967,1.4005694,-0.091827476,2.9760241,0.13357897,0.88320367,5.3386532,1.3302798,0.8629694,4.511792,2.838655,-5.0185429,-3.5309265,-3.720979,-3.3282391,-3.1496829,-3.3169114,-4.1311824,-3.9388323,-25.863839,-10.811871,-6.3777204,21.144045,10.832545,10.795363,20.163464,27.249704
-7.5298865,0,13.023105,0,1,1,12.688628,2.9924804,1.6751565,-0.0098237236,-0.99226587,-1.7066474,-1.2712311,-1.2591521,0.906967,1.4005694,-0.091827476,2.9760241,0.13357897,0.88320367,5.3386532,1.3302798,0.8629694,4.511792,2.838655,-5.0185429,-3.5309265,-3.720979,-3.3282391,-3.1496829,-3.3169114,-4.1311824,-3.9388323,6.9643647,2.0325323,-26.846849,6.2497143,9.0103621,-5.7878052,28.941407,5.5985037
-7.5298865,0,2.03322,0,1,1,12.100655,2.9924804,1.6751565,-0.0098237236,-0.99226587,-1.7066474,-1.2712311,-1.2591521,0.906967,1.4005694,-0.091827476,2.9760241,0.13357897,0.88320367,5.3386532,1.3302798,0.8629694,4.511792,2.838655,-5.0185429,-3.5309265,-3.720979,-3.3282391,-3.1496829,-3.3169114,-4.1311824,-3.9388323,-0.060207022,0.86886686,14.836482,18.439641,-2.2522915,-4.6383209,-9.2308766,4.0162284
-7.2046488,0.99732527,0.19166813,5,31,0,11.256963,8.0779315,4.6295275,0.22543707,1.0125305,1.2871943,0.72524033,1.0358829,0.25514694,-1.0815749,0.9969229,9.1215986,14.037033,12.87358,3.0707506,12.765469,11.435452,9.2591413,12.693213,-4.4189755,-3.4037524,-4.1836572,-3.3806313,-4.285843,-3.7668282,-3.6035367,-3.8100519,-16.870756,7.7588668,14.912318,-11.046556,1.8504421,22.446012,20.918093,23.257312
-11.185567,0.96801422,0.25008899,4,15,0,14.290427,-2.6661742,3.2286048,-0.75550237,-1.2663996,0.91285209,-1.9475497,0.80397569,-0.66569058,1.5394141,0.97378807,-5.1053928,0.28106438,-0.07045447,2.3039855,-6.7548779,-8.9540423,-4.815426,0.47780258,-6.062471,-3.5194335,-3.7082894,-3.4079601,-3.320599,-3.7262675,-5.8242419,-4.0141884,4.7355329,-1.0715231,-2.8809495,0.42496149,-16.09675,-13.676573,-12.672794,9.0971036
-6.7611291,0.9973254,0.34897107,4,31,0,13.416122,7.2587495,3.1263349,1.9370039,-0.67158677,-0.60913233,-0.00012543922,-1.1671987,2.0174013,-0.79334709,-0.27142237,13.314472,5.3543979,3.6096955,4.7784809,5.1591444,7.2583574,13.565822,6.4101923,-4.1062437,-3.2565197,-3.7768555,-3.337227,-3.3503301,-3.4786811,-3.3198333,-3.8575294,25.858874,16.841139,3.9085078,14.149047,8.6684663,17.64864,33.361982,11.864042
-5.9232494,0.84276275,0.58063065,3,7,0,13.277836,0.9691174,7.0494613,-0.0324339,0.087605855,0.73547563,-0.4328047,1.6539425,1.2892334,-0.42167967,-1.1524771,0.74047588,6.1538244,12.628521,-2.0034972,1.5866915,-2.0819226,10.057519,-7.1552254,-5.2782813,-3.2385654,-4.1685793,-3.6518047,-3.1574654,-3.3560828,-3.5369387,-4.375549,-2.7899542,2.1140596,8.5236034,-13.149357,2.3939238,-2.0392862,22.598619,-39.566645
-3.4423938,0.67810602,0.63094909,2,3,0,14.730191,7.5521238,8.8567144,0.48993429,-0.19178486,-0.35753039,-0.17920692,-0.29641331,1.2476186,0.16888273,-1.0425142,11.891332,4.3855793,4.9268758,9.04787,5.8535401,5.9649394,18.601926,-1.6811269,-4.2036314,-3.2868438,-3.8142526,-3.3341634,-3.4061076,-3.4186959,-3.2233352,-4.0981579,-0.96179767,-7.6955055,3.899947,-2.4405674,5.0872522,-19.355361,22.018746,16.208372
-4.7920158,0.89732206,0.41815589,3,7,0,7.5463562,4.9930626,6.7868789,0.86691417,-0.53653334,-0.51845983,0.16353983,-2.0980666,1.2107141,-0.26380265,-0.46991768,10.876704,1.4743385,-9.2462617,3.2026659,1.3516758,6.1029876,13.210032,1.8037882,-4.2785604,-3.4344449,-3.76773,-3.3764195,-3.1503013,-3.4244391,-3.3362426,-3.9697466,44.63536,-6.0503901,-30.704595,-20.730453,12.00125,11.42411,3.8363309,19.542834
-5.3498683,0.76351208,0.55948873,3,7,0,12.129689,10.132381,2.7257956,-0.72866682,0.098631596,0.33296368,-0.968522,0.39128548,-0.60581365,0.30282214,0.50552371,8.1461841,11.039972,11.198945,10.957812,10.40123,7.4923879,8.4810567,11.510335,-4.502931,-3.2677308,-4.0852969,-3.3815622,-3.9185585,-3.4910119,-3.674575,-3.8096803,10.964925,28.744287,15.864987,11.841108,21.365068,-4.0668553,4.4187242,-2.9875423
-5.4115776,0.98704473,0.49641068,3,15,0,7.7197494,-1.3699576,3.2078295,1.1323645,-0.39702728,0.6587916,0.90095381,-0.68827585,1.4899636,-0.26941295,-0.11702913,2.2624746,0.74333349,-3.5778292,-2.2341884,-2.6435534,1.5201486,3.4095916,-1.7453671,-5.0990336,-3.4848197,-3.6921794,-3.6691902,-3.1328376,-3.3179518,-4.2859237,-4.1008768,-5.081714,13.079117,7.2125482,-4.6818963,-0.13169808,-10.277059,-10.493887,-18.700216
-3.8626129,0.67417191,0.89948021,2,3,0,6.588703,-0.10325257,5.650005,1.2174165,0.66046002,1.2063278,-0.054520936,0.072363925,1.2664363,0.70266182,0.028282768,6.7751568,6.7125055,0.30560396,3.8667902,3.6283498,-0.41129613,7.0521185,0.056545207,-4.6280864,-3.2298118,-3.7128691,-3.3573999,-3.2483953,-3.3250642,-3.8208042,-4.0294432,-12.958701,7.5008724,-4.146995,7.547625,-3.4754623,12.607358,-4.6327104,-11.525595
-3.3796873,0.94918659,0.60991275,3,7,0,5.9168091,7.4414158,7.7056889,0.21098492,-0.4783577,-0.44294803,-0.022092576,0.03869566,1.5544432,-0.43378489,0.47059419,9.0672,4.0281961,7.7395925,4.0988044,3.7553402,7.2711773,19.419472,11.067668,-4.4235463,-3.3003998,-3.9167984,-3.3516145,-3.2557511,-3.4793448,-3.2315981,-3.8106517,-3.2112371,-9.4775658,-4.0842382,-5.9246412,6.5759277,-8.0565803,20.253139,47.377202
-3.3796873,0.13957796,0.98649855,2,3,0,8.4009116,7.4414158,7.7056889,0.21098492,-0.4783577,-0.44294803,-0.022092576,0.03869566,1.5544432,-0.43378489,0.47059419,9.0672,4.0281961,7.7395925,4.0988044,3.7553402,7.2711773,19.419472,11.067668,-4.4235463,-3.3003998,-3.9167984,-3.3516145,-3.2557511,-3.4793448,-3.2315981,-3.8106517,-30.177597,17.981308,35.627891,17.033567,21.158222,9.1979716,-1.8063193,6.2689018
-5.4807605,0.98999532,0.12755828,5,31,0,9.2185495,4.3417852,1.8729756,0.97216233,-0.14581275,1.2612055,-0.10330354,-0.0039729509,-0.31804534,1.5868488,-0.97826061,6.1626215,6.7039924,4.334344,7.3139144,4.0686815,4.1483002,3.746094,2.5095269,-4.6867023,-3.2299218,-3.7965909,-3.317241,-3.2747528,-3.3577916,-4.2373928,-3.9483058,-30.060407,-3.136714,-5.8593861,-5.7341023,5.1038855,-2.352657,8.7271367,22.118626
-7.7048144,0.97431214,0.23646843,4,15,0,10.837184,-1.2012452,5.5596884,0.14331268,0.80682583,1.1563378,0.40445392,-1.0691998,-0.77164659,-0.44437195,-1.1967169,-0.40447131,5.2276327,-7.1456632,-3.6718148,3.2844551,1.0473926,-5.4913598,-7.8546185,-5.4199087,-3.2599537,-3.7250947,-3.7874438,-3.2294752,-3.3168431,-5.9807435,-4.4176527,-5.7542688,7.4893899,-13.382396,-0.80804251,-4.3214239,2.3589567,-10.047231,17.515312
-4.7203458,0.98151169,0.41540863,4,15,0,13.723432,-1.1221181,8.3087107,1.4314087,0.33507209,-0.13921789,0.97784579,-0.85022657,0.42502494,0.26977014,-0.55549812,10.771043,-2.2788393,-8.1864048,1.1193239,1.6618989,7.0025197,2.4092911,-5.7375913,-4.2866264,-3.7497963,-3.744064,-3.4597361,-3.159902,-3.4657191,-4.4368746,-4.2948383,18.523536,-9.6223129,-19.050782,-3.7774596,-0.16766887,-2.5364316,2.423134,2.5506818
-4.9592103,0.97095449,0.74130439,3,7,0,7.0674742,7.466046,2.9821631,-0.092130389,-0.53394241,0.61992593,-1.7912259,0.7173631,1.0059916,-0.14591834,0.25109839,7.1912982,9.3147663,9.6053398,7.0308937,5.8737427,2.1243181,10.466077,8.2148624,-4.5892156,-3.2301667,-4.0018683,-3.3168377,-3.4078195,-3.3220573,-3.5053236,-3.8314203,-0.85058078,1.9837075,28.843102,5.55379,10.319897,-5.47919,4.5224519,5.7625367
-6.5152283,0.44431548,1.2715231,2,3,0,8.4426369,5.9016895,1.9711204,0.94139169,-0.35059767,0.21129151,-0.54124121,-0.83371259,0.81950436,2.3619376,0.6986442,7.7572859,6.3181705,4.2583415,10.557353,5.2106192,4.8348378,7.5170312,7.2788013,-4.5375831,-3.2356664,-3.7944248,-3.3691262,-3.3542606,-3.3776023,-3.7709868,-3.843708,17.794459,12.513852,0.29391335,9.2331553,10.763015,-1.3801015,9.2335097,12.922402
-9.6125269,0.94760568,0.44435915,3,7,0,13.537877,2.7059057,5.9588636,-1.1758336,-0.31075736,0.25080666,-0.40051318,0.54971158,0.27667715,-1.8123736,2.5255487,-4.3007261,4.2004284,5.9815621,-8.0937816,0.85414502,0.3193023,4.3545871,17.755306,-5.9455152,-3.2937073,-3.8490828,-4.258248,-3.1373844,-3.3187485,-4.1525101,-3.8604269,-11.813014,-10.749609,-0.49428218,-2.0173498,-2.996373,3.4102822,9.1265944,28.561607
-9.725723,0.98203054,0.70888006,3,7,0,15.112395,9.250189,2.8804659,2.7638345,-0.37906847,-1.1436105,0.12115701,-1.0990603,-1.1891053,0.96331262,-0.78733018,17.21132,5.9560579,6.0843834,12.024978,8.1582952,9.5991776,5.8250117,6.9823113,-3.8856457,-3.2424121,-3.8527109,-3.4211743,-3.6339061,-3.6223952,-3.9626753,-3.848164,33.660549,10.877369,46.711833,16.714683,0.66249582,-9.6657128,13.757502,26.045394
-9.725723,0.030966627,1.243131,2,3,0,15.816662,9.250189,2.8804659,2.7638345,-0.37906847,-1.1436105,0.12115701,-1.0990603,-1.1891053,0.96331262,-0.78733018,17.21132,5.9560579,6.0843834,12.024978,8.1582952,9.5991776,5.8250117,6.9823113,-3.8856457,-3.2424121,-3.8527109,-3.4211743,-3.6339061,-3.6223952,-3.9626753,-3.848164,15.957024,17.241129,9.6344653,3.6214265,8.1884982,6.5652322,3.3234983,46.521919
-6.9919784,0.99972691,0.13295392,5,31,0,13.630463,-1.018272,3.7460305,-1.3097733,-0.29443675,1.2564574,-0.15104895,1.2665359,1.2111946,-0.42360158,-0.20785295,-5.9247228,3.6884557,3.7262101,-2.6050965,-2.1212411,-1.584106,3.5188999,-1.7968955,-6.184515,-3.3144707,-3.7798903,-3.6980647,-3.1239235,-3.3444272,-4.2700349,-4.103067,18.072381,1.0186808,2.5490403,-11.011455,0.53936883,5.358773,-5.2573774,15.786506
-6.980031,0.99566719,0.24683352,4,15,0,13.07055,3.7410169,9.3604429,1.1288173,-0.015084571,-0.74964134,0.62908395,-0.59252415,2.0558333,1.5711897,-0.74284919,14.307246,-3.2759581,-1.8052716,18.448049,3.5998186,9.6295213,22.984527,-3.2123806,-4.0436365,-3.8572598,-3.6943151,-3.858395,-3.2467701,-3.6245554,-3.3457512,-4.1664346,28.027413,-12.616455,-2.7795574,19.600051,14.940948,18.131637,26.820804,2.3610238
-4.7467383,0.96656184,0.44836652,3,7,0,11.915327,0.23104318,5.9983668,1.4549979,-0.46546101,-0.43760957,0.12505653,1.0686529,1.6927234,-0.11027951,0.64582417,8.9586541,-2.3938996,6.641215,-0.43045379,-2.5609627,0.98117812,10.384619,4.1049334,-4.4327062,-3.7616894,-3.8730761,-3.5449811,-3.1312039,-3.3168353,-3.5114937,-3.9055018,21.657155,-4.0235105,-3.0237834,6.7305097,-0.58892224,-3.5299752,13.140367,10.792642
-7.6276136,0.62279229,0.74207479,3,7,0,16.080096,0.20864627,3.8015856,1.417386,-0.4568246,2.1329577,0.23465505,-1.6372558,-0.39690285,0.83033219,0.50680336,5.5969603,8.3172676,-6.0155216,3.3652251,-1.5280115,1.1007075,-1.3002139,2.1353026,-4.7423136,-3.2220269,-3.7092877,-3.3714271,-3.1178841,-3.3168757,-5.0840149,-3.9594835,22.056504,-8.9920271,5.773475,29.582849,-2.2116828,13.063628,-22.722047,-28.654818
-3.4725403,0.9512336,0.45992315,3,7,0,11.085299,1.3885705,2.630459,0.058020472,0.41290185,-0.39992241,-0.56129329,-0.671262,0.18916543,-0.16477466,-0.081263273,1.541191,0.33659097,-0.37715668,0.95513751,2.4746919,-0.087888503,1.8861624,1.1748108,-5.1826967,-3.5151628,-3.7049634,-3.467827,-3.1906908,-3.3217243,-4.5198024,-3.9901509,-12.498734,-1.2045152,-19.011424,14.589658,4.7670439,-4.6944019,11.608771,-2.7836444
-4.0657803,0.97809904,0.72300126,2,7,0,5.2055083,5.964955,1.9157554,-1.2569329,0.018242798,0.16131211,0.43393025,-0.13657492,0.8351872,-0.3304584,-0.13105373,3.5569788,6.2739895,5.7033108,5.3318775,5.9999037,6.7962592,7.5649694,5.7138881,-4.9546805,-3.2364192,-3.8394718,-3.3283323,-3.4186239,-3.4556628,-3.7659729,-3.8702905,-11.215134,-3.3698413,1.9937436,9.0749683,-1.476007,12.356593,1.3032335,-10.847826
-4.0657803,0.17198457,1.2156443,2,3,0,10.575875,5.964955,1.9157554,-1.2569329,0.018242798,0.16131211,0.43393025,-0.13657492,0.8351872,-0.3304584,-0.13105373,3.5569788,6.2739895,5.7033108,5.3318775,5.9999037,6.7962592,7.5649694,5.7138881,-4.9546805,-3.2364192,-3.8394718,-3.3283323,-3.4186239,-3.4556628,-3.7659729,-3.8702905,3.6518867,3.97423,-3.0163071,22.166036,13.096434,17.110179,24.547701,-11.704895
-5.0303677,0.98628567,0.2187188,5,31,0,8.3686746,3.8357395,3.1818943,-0.82007033,0.040232175,0.24493708,-0.22951118,-0.82244379,1.891886,0.017527386,-1.0919202,1.2263624,4.6151034,1.2188103,3.8915098,3.963754,3.1054592,9.8555207,0.36136474,-5.2199391,-3.2788113,-3.7262897,-3.3567624,-3.2682548,-3.3351518,-3.5531863,-4.0183502,3.1797914,7.1133733,-11.753719,-7.9513507,9.7160737,-8.1983514,-1.890799,3.1158205
-6.2558842,0.92736548,0.37660632,3,15,0,11.063097,2.9590834,1.5581016,1.2004796,-0.49937008,2.1454624,0.12328881,-0.82056345,1.0022168,0.11687969,0.13707587,4.8295525,6.3019319,1.6805621,3.1411938,2.1810141,3.1511799,4.520639,3.1726615,-4.8200324,-3.2359408,-3.7343157,-3.3783643,-3.1786251,-3.335956,-4.1299895,-3.9295601,4.6954664,-3.7244963,-0.77661953,7.8071224,-18.924682,-1.8760438,12.144513,3.7065232
-4.5058359,0.86456072,0.54763402,3,7,0,11.326114,6.6776902,1.9976552,0.35293541,0.23900596,1.7455988,-0.24542188,-0.17686537,0.56916602,0.4744486,0.047828758,7.3827335,10.164795,6.3243742,7.6254749,7.1551417,6.1874219,7.8146877,6.7732356,-4.5715925,-3.2449553,-3.8613397,-3.3184504,-3.526696,-3.4280295,-3.7402266,-3.8514693,29.364842,15.26247,11.63244,-21.553347,-5.0797137,12.022645,23.135765,14.280596
-7.3991735,0.70360482,0.66826214,3,7,0,13.150664,-1.3097274,9.237005,0.26601516,-1.0318841,-0.89520505,0.35723032,-0.26676017,2.2544191,0.27221491,-0.43365723,1.147456,-9.578741,-3.7737924,1.2047231,-10.841246,1.9900108,19.514353,-5.3154214,-5.2293423,-4.7665843,-3.6926967,-3.4556158,-3.7140034,-3.3208839,-3.2329899,-4.2720014,6.167396,-16.521563,-32.113638,-8.9642302,-18.838219,6.3011155,33.385382,4.6699529
-4.9939689,0.94273119,0.52870605,3,7,0,11.365017,5.979625,0.32951182,-0.12713588,0.44963026,0.97074671,-0.40194414,0.15134473,0.18226481,-0.23519342,-0.097194667,5.9377322,6.2994975,6.0294948,5.902126,6.1277835,5.8471796,6.0396834,5.9475982,-4.7086413,-3.2359822,-3.850769,-3.3218145,-3.4297761,-3.4139212,-3.9367695,-3.8658405,-12.243002,20.748469,19.356477,-3.2890817,-1.3651891,-7.9840656,9.5277454,-0.51252178
-4.9939689,0.60202695,0.79131003,2,3,0,10.493182,5.979625,0.32951182,-0.12713588,0.44963026,0.97074671,-0.40194414,0.15134473,0.18226481,-0.23519342,-0.097194667,5.9377322,6.2994975,6.0294948,5.902126,6.1277835,5.8471796,6.0396834,5.9475982,-4.7086413,-3.2359822,-3.850769,-3.3218145,-3.4297761,-3.4139212,-3.9367695,-3.8658405,29.402981,-4.353883,-10.411711,-5.4040439,4.3422278,-11.117706,11.072115,7.6881557
-6.4619197,0.84652916,0.48040999,3,7,0,9.8393478,3.9769912,0.4174691,-0.35937692,1.3103419,1.3739368,-1.0288366,-0.4102227,0.064068904,-0.06075502,0.021626534,3.8269625,4.5505674,3.8057359,3.9516279,4.5240185,3.5474837,4.003738,3.9860196,-4.9255126,-3.2810166,-3.7819922,-3.3552329,-3.304526,-3.3436506,-4.2010004,-3.9084212,12.844301,-4.6047528,-5.7173954,7.0812238,0.57109717,-2.1453885,-11.604341,-16.126785
-12.21912,0.91725737,0.5562448,3,7,0,14.579606,4.5626656,0.12939587,-2.4262472,-1.3156568,0.1576916,0.93562238,-0.67407541,0.074129822,0.74397826,2.159467,4.2487192,4.5830702,4.475443,4.6589333,4.392425,4.6837313,4.5722577,4.8420917,-4.8805962,-3.2799007,-3.8006723,-3.3394809,-3.2956585,-3.3729077,-4.1230449,-3.8883777,-18.469425,-7.7323742,21.922074,4.9828817,19.621195,13.358758,-0.2597716,28.939724
-8.7663417,0.86956503,0.77161928,2,3,0,15.694923,1.3377885,0.14313025,0.21246768,2.3426916,-0.36325745,-0.53458368,-0.20661055,-0.14569687,0.62781817,-0.080515185,1.3681991,1.2857954,1.3082163,1.4276483,1.6730986,1.2612734,1.3169349,1.3262644,-5.2031061,-3.4469263,-3.7277787,-3.4451442,-3.1602709,-3.3171159,-4.6131469,-3.9851261,8.6922778,-9.477358,1.2619253,7.6647419,-8.2996656,3.1833064,5.6155431,-7.9142091
-8.8362102,0.4178543,0.94214601,3,7,0,19.103674,5.9696005,0.51230597,-0.0022045108,1.2587624,0.37027189,-1.6616945,-0.42477634,1.4003742,-0.010157462,-1.8650336,5.9684711,6.159293,5.751985,5.9643967,6.614472,5.1183045,6.6870205,5.0141326,-4.7056293,-3.2384646,-3.8411312,-3.3212655,-3.4740655,-3.3869182,-3.8614411,-3.8846225,18.932675,2.9414399,11.841119,15.880871,24.476893,25.597006,2.2325032,7.5204175
-7.0392498,0.9941618,0.36260501,4,15,0,12.543189,7.391472,0.70469761,1.320076,-1.6296563,0.50996806,-0.38620779,-0.26933203,0.83240774,1.0880514,-0.46988692,8.3217264,7.7508453,7.2016744,8.1582192,6.2430571,7.1193123,7.9780678,7.0603438,-4.4875097,-3.221834,-3.8947971,-3.3223771,-3.4400019,-3.4715693,-3.7237193,-3.8469649,18.14032,27.980408,-20.396886,8.3524746,6.2235442,12.636171,1.9831174,-43.803799
-7.9750392,0.94502685,0.60831926,3,7,0,10.692268,5.9102819,1.6180141,-1.2288285,2.0635692,-0.40989601,1.2600012,-0.18377904,-0.21274097,-0.76363527,0.91401473,3.9220201,5.2470644,5.6129248,4.6747092,9.249166,7.9489816,5.566064,7.3891706,-4.9153201,-3.2594169,-3.8364149,-3.3391767,-3.7645915,-3.5163724,-3.9945374,-3.8421185,16.183427,0.43427774,10.481679,-5.8853726,-0.97504073,-9.0783704,10.944813,35.353812
-8.013653,0.96386994,0.89507843,3,7,0,12.874495,6.0451948,1.8903324,0.96527758,1.8553137,-1.8142594,1.2664257,-0.040744924,0.32036002,0.74645269,0.11053194,7.8698903,2.6156414,5.9681734,7.4562385,9.5523545,8.4391604,6.6507818,6.2541369,-4.5274805,-3.3664802,-3.8486135,-3.3176939,-3.8035223,-3.5455161,-3.8655474,-3.8602593,-4.5004414,3.7673392,4.0097805,11.913876,8.4127038,-6.4334535,5.2544814,-14.931205
-8.9336624,0.093495348,1.3724122,3,11,1,11.93427,9.4547069,3.0385092,0.60130197,-1.2093126,-0.43249061,-1.6686638,2.2480443,1.0675339,0.99271905,0.10042415,11.281768,8.1405802,16.28541,12.471093,5.7801994,4.3844566,12.698418,9.7598467,-4.2480982,-3.2216224,-4.4179473,-3.4405233,-3.3999354,-3.3641666,-3.3620575,-3.8170546,20.806786,12.699568,31.494392,24.265302,8.8283339,-2.1929078,22.975764,27.002475
-3.1538407,0.99283326,0.24267083,4,15,0,12.53177,3.9779586,13.681849,-0.083524386,-0.15947333,0.31061304,0.45578869,-1.0507219,0.52914364,-0.24541029,0.46584188,2.8351906,8.2277194,-10.397859,0.62029199,1.7960685,10.213991,11.217622,10.351537,-5.0342501,-3.2217829,-3.7984185,-3.4850184,-3.1644224,-3.6676504,-3.4515269,-3.8135039,24.51006,24.539539,-14.914182,-3.4763606,7.6054687,19.437207,-0.54869455,29.088382
-6.9298606,0.77597609,0.40074423,4,15,0,10.141179,3.0352227,0.098643012,0.83084187,-0.72060205,-0.016135705,-0.35182015,0.84875418,-0.38503535,0.49847875,-0.6374667,3.1171795,3.033631,3.1189464,3.0843942,2.9641404,3.0005181,2.9972417,2.9723411,-5.0028882,-3.3448477,-3.7646552,-3.3801891,-3.2131656,-3.3333713,-4.3469374,-3.9350798,-40.917039,-6.1864995,8.524465,7.4973499,-3.2797062,-1.1645686,-1.0881151,-14.01369
-8.2785866,0.93171677,0.387111,4,15,0,11.717811,8.8908037,0.33469444,0.086497009,1.2058727,0.31926292,1.2433289,0.72084112,0.730541,1.4279351,-0.22483047,8.9197538,8.9976592,9.1320652,9.3687257,9.2944026,9.306939,9.1353117,8.8155542,-4.4360016,-3.2265002,-3.9790019,-3.3400192,-3.7703281,-3.6019794,-3.6144371,-3.8249595,0.017794991,4.8005388,-3.6608042,-3.6004418,-11.298005,17.209446,16.858482,-0.52648815
-7.1580992,0.98282563,0.54550708,2,3,0,9.541987,6.6063745,0.3404833,-0.026579086,0.86270557,0.27037739,1.3137096,1.0976678,1.1143836,0.76950743,-0.067270237,6.5973248,6.6984335,6.9801121,6.868379,6.9001114,7.0536707,6.9858035,6.5834701,-4.6449321,-3.229994,-3.8860637,-3.3169054,-3.5014209,-3.4682674,-3.8280862,-3.8545862,-11.420687,-7.608133,7.6577229,-3.0411732,-10.860994,-9.8384429,16.253959,-28.3383
-6.5993197,1,0.86505983,3,7,0,9.4015483,1.5827642,1.5921638,0.38621438,-1.3500963,-0.70691314,-0.63481923,0.8786346,1.8889284,0.36977982,0.74759988,2.1976808,0.45724265,2.9816944,2.1715142,-0.56681037,0.57202796,4.5902476,2.7730657,-5.1064547,-3.5059896,-3.7614114,-3.4131738,-3.1173215,-3.3175907,-4.1206309,-3.9406935,6.3200293,12.041062,6.8393845,-10.588263,-4.5727408,-6.5875814,21.716647,-5.4521434
-6.5993197,0.12732943,1.4201242,2,3,0,11.845412,1.5827642,1.5921638,0.38621438,-1.3500963,-0.70691314,-0.63481923,0.8786346,1.8889284,0.36977982,0.74759988,2.1976808,0.45724265,2.9816944,2.1715142,-0.56681037,0.57202796,4.5902476,2.7730657,-5.1064547,-3.5059896,-3.7614114,-3.4131738,-3.1173215,-3.3175907,-4.1206309,-3.9406935,4.6473205,7.9771089,19.851946,16.456373,17.79377,-5.4399035,5.665245,7.9744141
-4.2689788,0.98821487,0.29197426,4,15,0,9.4659108,5.6569317,7.1774242,0.62101564,0.71914012,0.30993678,0.48581886,-0.71507976,1.1671873,-0.6202289,1.1321476,10.114224,7.8814795,0.52450096,1.2052858,10.818505,9.1438598,14.03433,13.782835,-4.3378798,-3.2215939,-3.7157892,-3.4555888,-3.9783673,-3.5908935,-3.3001563,-3.8142154,12.605952,20.53611,-32.914481,0.53436611,8.1191889,5.9212276,5.0027644,-12.447736
-3.2386888,0.80478797,0.46639428,3,15,0,8.1436933,5.5981369,9.2006726,5.9084357e-05,-0.28082121,0.76618153,0.73846118,0.0029909648,0.434086,0.48436259,0.52017938,5.5986806,12.647522,5.6256558,10.054598,3.0143929,12.392476,9.5920201,10.384137,-4.7421423,-3.3295209,-3.8368435,-3.3553899,-3.2156406,-3.85315,-3.5749943,-3.8133396,-5.3837458,8.308506,15.627216,4.9830704,-2.7407465,24.5968,3.9827832,11.532663
-3.2386888,0,4.7047215,0,1,1,8.0927514,5.5981369,9.2006726,5.9084357e-05,-0.28082121,0.76618153,0.73846118,0.0029909648,0.434086,0.48436259,0.52017938,5.5986806,12.647522,5.6256558,10.054598,3.0143929,12.392476,9.5920201,10.384137,-4.7421423,-3.3295209,-3.8368435,-3.3553899,-3.2156406,-3.85315,-3.5749943,-3.8133396,32.32681,15.520772,9.0339711,23.867189,-11.967071,17.914143,13.629447,-16.283192
-4.0836748,0.61943468,0.71571621,2,7,0,10.876292,5.8916785,7.8200644,0.49404755,0.33176841,-0.26772698,0.16694096,-0.41400461,0.85401718,-1.4435272,0.42615556,9.7551622,3.7980363,2.6541358,-5.396797,8.4861288,7.1971676,12.570148,9.2242424,-4.366709,-3.3098061,-3.7539672,-3.9518775,-3.6716362,-3.4755317,-3.3689401,-3.8212005,-7.6209519,-7.3853324,-19.767259,0.22961346,15.934956,10.362109,2.8274711,52.904975
-4.5007467,0.97492141,0.34635659,4,15,0,6.8320092,3.5461792,6.2066161,0.6458878,-0.68136389,0.47293434,-0.26660408,-0.077536139,-0.7445528,1.4520967,-0.38684058,7.5549568,6.481501,3.0649421,12.558786,-0.68278495,1.89147,-1.0749742,1.1452082,-4.5558772,-3.2330528,-3.7633701,-3.4445202,-3.1167843,-3.3201178,-5.0407968,-3.9911413,13.27626,16.800756,-3.4843146,0.9535612,-1.7063148,3.5105819,-0.17220901,-2.8767759
-5.8148335,0.90330401,0.4731709,3,7,0,12.059299,0.87800308,6.7112105,2.0076203,0.64036862,-0.295659,-1.1373633,1.0355001,0.1744728,0.30712888,0.6501941,14.351566,-1.1062267,7.8274625,2.9392097,5.1756516,-6.7550817,2.0489268,5.2415925,-4.0409438,-3.6361405,-3.9204998,-3.3849744,-3.351587,-3.5653515,-4.4937073,-3.8797981,12.747548,11.259275,15.63404,6.7823016,1.6996234,-25.437967,-19.123217,1.2912905
-6.0561329,0.52245011,0.58284333,3,7,0,11.50618,1.3457949,7.5559148,0.79287777,-0.23226161,1.9175866,0.072003721,-0.64401175,1.6325873,1.3564949,1.2376523,7.3367118,15.834916,-3.520303,11.595355,-0.40915404,1.8898489,13.681485,10.697391,-4.5758142,-3.5284531,-3.692056,-3.4040953,-3.118318,-3.3201058,-3.3147715,-3.8119288,1.1628292,19.375124,13.637972,9.0343879,-3.7281203,-0.75801507,18.752741,10.322924
-5.6053988,0.9967962,0.23556551,4,31,0,9.0968893,5.951266,1.254894,0.046699828,0.010688692,-1.8214913,0.17781742,0.038477986,-0.47591697,-1.139394,-0.086744143,6.0098694,3.6654874,5.9995518,4.5214473,5.9646792,6.174408,5.3540406,5.8424113,-4.7015795,-3.3154636,-3.8497146,-3.342219,-3.4155875,-3.4274722,-4.0211251,-3.8678225,1.8483982,-1.5486199,12.122365,17.02706,1.5020723,9.9567258,7.2554341,24.267243
-3.7823696,0.97746727,0.4136518,4,15,0,10.463435,4.1928567,8.2406859,1.0732262,-0.15320025,1.5303198,-0.04108549,-0.29006819,1.0117592,0.97223748,-0.1016827,13.036977,16.803741,1.8024958,12.20476,2.9303816,3.8542841,12.530446,3.3549216,-4.1245266,-3.6090529,-3.7365741,-3.428774,-3.2115205,-3.3504988,-3.3711037,-3.9246458,23.273972,24.545217,-0.66330921,16.614423,21.196458,13.138674,20.532713,32.589739
-6.7581269,0.45567027,0.70582244,3,7,0,8.1912672,7.4179331,1.5723032,-0.011652966,-0.67544916,1.7689893,1.0602263,0.27077092,-1.3772536,0.16683514,0.19112749,7.3996111,10.199321,7.8436671,7.6802486,6.3559222,9.0849304,5.2524729,7.7184435,-4.5700466,-3.2457087,-3.9211857,-3.3187459,-3.4501729,-3.5869417,-4.0340209,-3.8376,25.249496,7.3738537,22.864433,10.70722,2.8176813,1.0945407,-1.0443971,18.001757
-8.8503528,0.97225484,0.23577434,4,15,0,16.185816,3.1670374,3.3191207,2.0089132,0.85978697,-2.1675929,0.90103354,-0.3326215,1.3041228,-0.85584793,0.8451331,9.8348626,-4.0274648,2.0630265,0.32637485,6.0207741,6.1576764,7.4955781,5.9721361,-4.3602603,-3.9448232,-3.7415941,-3.5008721,-3.4204302,-3.4267579,-3.773238,-3.865383,34.838516,12.193765,-15.982455,-14.265564,0.49786502,0.22809439,4.5615023,-12.484279
-7.3065209,0.98320862,0.40482311,3,7,0,14.116829,6.1163518,1.6200437,-1.002847,-1.4270976,1.7896857,0.49137945,-0.43498552,1.2505666,-0.83762686,0.73657029,4.4916959,9.0157207,5.4116562,4.7593597,3.8043914,6.9124079,8.1423242,7.3096278,-4.8550784,-3.2266821,-3.8297225,-3.3375795,-3.2586457,-3.4612824,-3.7073925,-3.8432603,-26.838602,13.426917,11.03141,17.861983,8.5260845,-0.85004781,10.168223,17.016167
-7.3773759,0.78269588,0.72409473,3,7,0,13.718757,3.1506759,7.6901746,1.4253759,0.53728784,-1.447389,0.077479296,1.0204898,0.13050385,0.25898943,-1.4745961,14.112065,-7.9799981,10.998421,5.1423498,7.2825131,3.7465052,4.1542733,-8.1892253,-4.0555993,-4.4983253,-4.0742534,-3.3310936,-3.53962,-3.3480044,-4.1800444,-4.4383301,30.531075,-13.936673,1.4367329,-17.407545,7.7017394,11.720539,10.637323,10.770212
-8.5430968,0.95796967,0.68954688,3,7,0,11.536792,-1.8032815,1.0752043,1.367891,0.7980996,-0.97529718,1.5235397,0.14008077,0.3686284,0.068271751,-1.1030956,-0.3325192,-2.8519252,-1.652666,-1.7298754,-0.94516136,-0.1651651,-1.4069306,-2.9893346,-5.4108368,-3.810345,-3.6950728,-3.6317542,-3.1161817,-3.3224438,-5.1046684,-4.1560389,-19.58506,-19.164396,9.4948998,10.546954,-0.4220738,12.789783,-7.8046911,-41.801065
-8.5430968,5.7892974e-06,1.1411152,1,1,0,10.87555,-1.8032815,1.0752043,1.367891,0.7980996,-0.97529718,1.5235397,0.14008077,0.3686284,0.068271751,-1.1030956,-0.3325192,-2.8519252,-1.652666,-1.7298754,-0.94516136,-0.1651651,-1.4069306,-2.9893346,-5.4108368,-3.810345,-3.6950728,-3.6317542,-3.1161817,-3.3224438,-5.1046684,-4.1560389,17.487918,-3.2871889,-28.227386,-19.052026,-19.17583,-12.802108,-4.1850082,8.2278534
-11.586975,0.99601351,0.094923468,5,63,0,19.236494,5.2239215,3.889198,1.8251109,-0.47135454,0.96288093,2.2435131,-0.88395866,-1.5352586,-1.8911341,0.74775333,12.322139,8.9687562,1.7860312,-2.1310736,3.3907304,13.949388,-0.74700314,8.1320823,-4.1732006,-3.2262161,-3.7362657,-3.6613648,-3.2351663,-4.0097539,-4.9787743,-3.8323979,4.5675031,19.439176,-0.7032651,4.9595722,17.420875,2.1657773,-10.879362,29.213974
-9.5658083,0.97121144,0.17856524,4,15,0,16.792769,-0.13013452,0.40760296,0.41959755,-1.1045466,-0.39418213,1.6725988,-1.3556292,0.80097413,-1.4451205,0.3369553,0.040894679,-0.29080432,-0.68269299,-0.71916993,-0.58035098,0.55162169,0.1963449,0.0072094529,-5.3641256,-3.5652108,-3.7020154,-3.5630552,-3.1172502,-3.3176646,-4.8063743,-4.0312656,2.6376708,-10.225623,13.940932,8.9523298,-3.0850201,22.403917,-5.5382651,-9.7279214
-9.4974551,0.98542858,0.30931497,4,15,0,14.406517,6.7863083,0.18063368,0.43643371,0.29433557,0.99947435,-1.804704,1.1119191,0.17989089,1.7587129,-0.32556787,6.865143,6.9668471,6.9871584,7.1039911,6.8394753,6.460318,6.8188027,6.7274998,-4.6196158,-3.2268607,-3.8863385,-3.3168785,-3.4955296,-3.4400366,-3.8466195,-3.8522104,28.826311,4.5772843,20.125645,1.2130207,8.1427335,11.482364,15.363853,16.003014
-8.3030702,0.95753094,0.55599907,3,7,0,14.929067,2.2761566,7.7712569,0.35650778,-0.27044464,-0.65450779,1.6778423,-0.98336723,-0.19983602,-1.5805937,0.63697217,5.0466702,-2.8101916,-5.3658427,-10.007043,0.17446185,15.3151,0.72317962,7.226231,-4.7977784,-3.8058248,-3.7024593,-4.5120384,-3.1246777,-4.1636193,-4.7139662,-3.8444783,5.6230174,-11.297944,-3.3189424,-26.008731,0.28426533,29.853254,8.6281828,-12.637124
-6.2473597,0.47163692,0.91110483,3,7,0,12.619607,3.41491,1.9282747,-1.1852949,1.0659045,-0.36396496,-1.0592718,-0.042448228,1.3982673,1.1070228,-0.4634541,1.1293359,2.7130855,3.3330581,5.549554,5.4702666,1.3723429,6.1111534,2.5212431,-5.2315056,-3.3612809,-3.7698625,-3.3255272,-3.374585,-3.3174067,-3.928247,-3.9479628,12.12114,6.4379428,15.535055,7.1415543,4.0579963,0.67213652,-3.42666,44.554258
-9.4410933,0.9592129,0.34400581,4,15,0,14.062921,4.7969392,5.5237401,3.2131605,-1.0294953,0.63962385,0.63746289,0.63549849,-0.61880186,-1.3601135,0.52160445,22.545603,8.3300551,8.3072676,-2.7159745,-0.88972538,8.3181184,1.3788385,7.6781466,-3.6931008,-3.2220683,-3.9412427,-3.7069171,-3.1162382,-3.5381349,-4.6028387,-3.838135,33.261687,-4.1589191,5.0239772,4.7580967,-0.41692218,-0.12092563,-10.32931,18.955715
-9.4410933,0.027909299,0.56496925,2,3,0,14.15949,4.7969392,5.5237401,3.2131605,-1.0294953,0.63962385,0.63746289,0.63549849,-0.61880186,-1.3601135,0.52160445,22.545603,8.3300551,8.3072676,-2.7159745,-0.88972538,8.3181184,1.3788385,7.6781466,-3.6931008,-3.2220683,-3.9412427,-3.7069171,-3.1162382,-3.5381349,-4.6028387,-3.838135,33.665998,-20.732105,14.778907,-5.0580137,4.1183917,10.015506,-4.1052134,3.6138591
-10.662084,0.99987054,0.058658391,6,63,0,13.583653,1.3227676,2.1909522,-2.3257396,1.3639221,-0.27970883,0.18765013,-0.000642746,1.5864512,2.2398107,-0.058260108,-3.7728168,0.70993894,1.3213594,6.2300858,4.3110557,1.7339001,4.7986063,1.1951225,-5.8703485,-3.4872486,-3.7280002,-3.3192833,-3.2902823,-3.3190595,-4.0929076,-3.9894729,-0.22716171,-5.3490091,17.288683,22.814944,8.2287406,8.2568138,-3.4340226,-41.387221
-4.2617715,0.99994115,0.10935959,5,31,0,12.818961,3.6032551,2.2862908,0.83038798,-0.40847222,-0.25766788,0.46006316,-0.63214888,-0.94063327,-0.62623658,0.71900135,5.5017635,3.0141514,2.1579789,2.1714961,2.6693688,4.6550933,1.4526939,5.2471013,-4.7518124,-3.3458171,-3.7434897,-3.4131745,-3.1992759,-3.3720392,-4.5905903,-3.8796832,-0.80452048,10.852652,6.9038296,22.744997,-7.4997565,22.941566,-4.0480028,1.6652601
-4.2292125,0.98859605,0.20188913,4,15,0,7.7283554,6.9636956,1.6993006,1.0115251,-0.8305831,-0.61510939,0.10258967,-0.27053959,-0.37781707,-0.72602752,0.43023525,8.6825808,5.9184399,6.5039675,5.7299566,5.5522853,7.1380263,6.3216708,7.6947946,-4.4562391,-3.2431881,-3.867944,-3.3234991,-3.3811782,-3.4725171,-3.9034405,-3.8379134,2.3488612,15.897578,22.613647,14.131982,2.2540252,4.6599534,7.9874515,6.2762658
-9.4474048,0.90829592,0.35709777,3,7,0,12.444837,3.4407166,3.815398,2.5929268,-1.7085993,0.23485803,-0.7607484,-0.93779531,-0.072950267,1.0508422,2.1295532,13.333764,4.3367935,-0.13734575,7.4500978,-3.0782697,0.53815865,3.1623823,11.56581,-4.1049853,-3.288619,-3.7075327,-3.3176709,-3.1428249,-3.3177152,-4.3222981,-3.8096012,-1.8998365,-27.796372,-10.978816,-6.617984,-8.292346,-6.8602661,3.2589518,-21.69675
-6.7529019,0.97624458,0.49738812,3,7,0,13.469057,1.2908258,7.3979168,1.7554987,-1.6774914,-0.1220606,-0.58681138,-0.91291952,0.47689502,0.5741608,1.6945158,14.277859,0.38783159,-5.4628769,5.5384197,-11.119116,-3.050356,4.8188555,13.826713,-4.0454268,-3.5112492,-3.7033744,-3.3256611,-3.7482403,-3.3846246,-4.0902365,-3.8144598,19.985792,2.6224595,28.769163,-8.4648166,-15.987232,-2.3553135,31.260615,-21.311668
-6.7529019,1.2545128e-38,0.83523494,1,1,0,11.405893,1.2908258,7.3979168,1.7554987,-1.6774914,-0.1220606,-0.58681138,-0.91291952,0.47689502,0.5741608,1.6945158,14.277859,0.38783159,-5.4628769,5.5384197,-11.119116,-3.050356,4.8188555,13.826713,-4.0454268,-3.5112492,-3.7033744,-3.3256611,-3.7482403,-3.3846246,-4.0902365,-3.8144598,-8.3167169,-17.308779,-8.1799024,-7.989694,-9.7534595,-3.4266913,-6.2126288,13.262963
-7.837443,0.99844084,0.089598141,6,63,0,13.681153,8.1655962,2.5291011,-0.49350292,1.3164855,0.40690975,0.84724972,-0.93362364,1.0071907,-1.2454168,-1.5570995,6.9174775,9.1947121,5.8043677,5.0158114,11.495121,10.308376,10.712883,4.2275343,-4.614706,-3.2286603,-3.8429274,-3.3331024,-4.0799165,-3.6748746,-3.487034,-3.9025375,42.39018,-2.837099,31.224377,6.1708582,10.087884,6.2064377,19.064077,2.0929598
-5.4118892,0.99884994,0.16099665,5,31,0,10.821781,7.5790349,2.2539126,0.57464916,0.64698748,-0.23931976,-0.56724516,-0.552165,-0.65982034,-0.9753582,-1.3770422,8.8742438,7.039629,6.3345032,5.3806627,9.0372881,6.3005139,6.0918575,4.4753021,-4.4398655,-3.2261352,-3.8617088,-3.3276696,-3.7380591,-3.4329307,-3.9305429,-3.8966885,39.875333,-1.2556446,7.252874,29.599908,11.251118,5.0761364,6.0553074,17.052657
-6.1861916,0.98981146,0.2868013,4,15,0,9.7850709,9.4464212,4.4989753,1.2500134,0.19070479,-0.63806142,-0.95663914,0.12826721,-0.69029407,-0.73791637,-1.3844637,15.070201,6.5757986,10.023492,6.1265536,10.304397,5.1425253,6.3408052,3.2177532,-3.9984992,-3.2316654,-4.0227994,-3.3199863,-3.9049866,-3.387745,-3.9012077,-3.9283348,4.3815542,17.202571,-1.5209535,8.399961,5.4141875,14.30498,-4.5476869,-8.9337734
-6.3133969,0.90852546,0.49365978,3,7,0,13.085247,7.23683,4.3642751,-0.56377416,-1.5869133,0.083470232,0.15156713,-0.89188758,0.53059341,0.61326773,2.0538562,4.7763645,7.6011171,3.3443873,9.9132991,0.311104,7.8983107,9.5524856,16.200423,-4.8255159,-3.2223192,-3.770143,-3.3519053,-3.1267742,-3.513473,-3.5783261,-3.836538,-13.973923,3.8755964,3.8776777,16.342388,19.479351,-10.029542,1.5006357,18.821382
-6.6607053,0.96142623,0.6753003,3,7,0,10.086382,2.9675193,5.5216917,1.3600171,1.4313615,0.24274556,-0.88865623,0.87386087,0.43131671,-0.32869975,-1.5444023,10.477114,4.3078855,7.7927096,1.1525406,10.871056,-1.9393664,5.3491172,-5.560194,-4.3093255,-3.2896822,-3.9190323,-3.4581263,-3.9860519,-3.3525358,-4.0217478,-4.2851751,-15.209353,-8.6128407,0.69551173,9.4172785,3.4957222,-4.1785179,-0.88232163,-23.356951
-8.7742068,0.27990457,1.0597874,2,3,0,13.212227,2.3593752,0.75208775,0.39759851,-0.48828605,0.55043416,0.18766453,0.20409879,0.023296845,-1.1968205,-2.8292548,2.6584042,2.77335,2.5128754,1.4592612,1.9921413,2.5005154,2.3768965,0.23152733,-5.054092,-3.358113,-3.7508862,-3.4436924,-3.171428,-3.3261377,-4.4419304,-4.0230402,14.179826,-15.771662,11.014902,12.631426,3.1983863,0.44848413,2.1379383,16.692336
-7.4864168,0.9948376,0.26725567,4,15,0,13.244095,7.5310429,5.4843026,0.43697191,1.669417,-0.81105362,-0.064826874,-0.90085903,-0.17859092,1.1923322,0.95137419,9.9275291,3.0829795,2.5904594,14.070154,16.686631,7.1755127,6.5515963,12.748667,-4.3527981,-3.3424091,-3.7525687,-3.523392,-5.0471317,-3.4744245,-3.8768534,-3.8101753,9.5465706,-9.8719553,2.2158068,32.179312,6.2984002,23.216707,31.862489,32.016387
-6.7840725,0.83141711,0.45832224,4,15,0,13.522713,3.4218965,3.2366845,0.053282857,-2.1160769,0.48121504,-0.49960422,0.87659088,0.84487831,-1.4293399,-0.86684715,3.5943563,4.9794377,6.2591445,-1.2044258,-3.4271768,1.8048352,6.156501,0.61618572,-4.9506231,-3.2671426,-3.8589721,-3.5949851,-3.1525285,-3.3195105,-3.922866,-4.0092968,-0.38429304,7.9245731,22.498701,2.5273391,-0.62535352,-13.298278,1.726752,-0.46355461
-8.4556692,0.94119276,0.50705419,3,7,0,13.030192,7.0238785,2.3445461,0.60890509,1.9521717,-0.19089189,-0.24898092,-1.8990582,-0.70088713,1.4306918,-0.078392785,8.4514845,6.5763236,2.5714489,10.378201,11.600835,6.4401312,5.3806163,6.840083,-4.4761986,-3.2316579,-3.7521543,-3.3639918,-4.096293,-3.4391273,-4.0177679,-3.8503979,4.1711643,0.30885229,-12.954921,2.6455572,23.209927,-7.2108038,-1.0152581,16.398607
-11.349509,0.34524317,0.74575226,3,7,0,16.044262,9.1895739,0.37081101,2.3648324,0.68501396,1.0887577,-1.61673,0.20839102,-1.2050935,0.83937201,0.68619332,10.06648,9.5932972,9.2668476,9.5008223,9.4435846,8.5900726,8.742712,9.4440219,-4.3416802,-3.2342166,-3.9854248,-3.3426772,-3.7894252,-3.5548884,-3.6500105,-3.8193921,25.306971,6.2291735,-7.8515531,-19.906169,-3.0127477,8.7391072,15.748278,28.826432
-5.3980538,0.98594997,0.23311975,4,15,0,17.662892,4.3866477,11.631842,1.2219583,0.44143465,-0.22253891,-1.3184509,-0.68057978,1.1830824,0.65139532,1.3194328,18.600275,1.7981102,-3.5297489,11.963575,9.5213459,-10.949365,18.148075,19.734082,-3.8233328,-3.4138408,-3.6920754,-3.4186399,-3.7994885,-3.9068641,-3.2216333,-3.901619,32.745857,-0.48516392,5.3805742,15.22662,16.311944,-10.003628,19.923075,36.487904
-8.9983372,0.39934858,0.38460017,4,15,0,13.129272,6.1410806,0.070228295,-0.35181175,-0.51098651,0.41229064,1.4328857,0.3447115,-0.88143801,-0.70405689,-1.5159824,6.1163735,6.1700351,6.1652891,6.0916359,6.1051949,6.2417098,6.0791787,6.0346158,-4.6911956,-3.2382675,-3.8555947,-3.3202434,-3.4277915,-3.430369,-3.9320535,-3.8642267,-17.123155,6.2002107,5.7007255,-14.079562,-3.6575696,12.788672,-0.76206028,-12.493686
-5.1798363,0.99371658,0.14116419,4,31,0,13.881785,6.5856684,2.8565707,-0.037322549,0.31260494,0.59440153,-1.5628525,-0.37177722,0.25821385,-1.0300492,1.2301104,6.4790539,8.2836184,5.5236605,3.64326,7.4786465,2.1212697,7.3232745,10.099566,-4.6562134,-3.2219258,-3.8334272,-3.3633946,-3.5599128,-3.322029,-3.791486,-3.8148838,12.670962,22.70362,17.680854,4.8790907,-1.3210092,5.8358747,10.107418,-13.448978
-7.3039024,0.98387434,0.2365782,4,15,0,11.074493,3.4236176,2.387246,1.2728447,0.52441547,-0.31316229,1.0516702,1.5049759,-0.66001938,-0.3083794,1.8497892,6.4622111,2.6760222,7.0163654,2.6874401,4.6755263,5.9342131,1.847989,7.8395195,-4.6578251,-3.3632473,-3.8874796,-3.3936858,-3.3150001,-3.417439,-4.5259609,-3.8360226,19.196571,-0.69784623,-4.7177447,13.123794,10.358643,2.7227896,-2.6286021,18.194754
-8.5975014,0.98300527,0.38380697,4,15,0,11.11122,2.1038841,6.2606893,-0.75432893,-0.8714077,-0.10320925,-1.3163881,-2.0097813,1.492594,0.35824192,-1.5382939,-2.618735,1.457723,-10.478732,4.3467255,-3.3517288,-6.1376129,11.448551,-7.5268963,-5.7103375,-3.4355306,-3.8007683,-3.3459242,-3.1503028,-3.5273525,-3.436131,-4.3977357,4.1751143,-1.6980242,-5.3865929,-1.786468,0.87602457,-6.0642438,8.4702605,-11.686767
-4.5830183,0.70274251,0.61685523,3,7,0,11.890708,1.569426,1.177006,1.4154814,-0.039492986,0.20880367,0.15317736,-0.04312513,-0.53213201,0.45483562,0.129699,3.2354561,1.8151892,1.5186674,2.1047702,1.5229425,1.7497166,0.94310342,1.7220825,-4.989839,-3.4127831,-3.7314069,-3.4158556,-3.1554547,-3.3191564,-4.6762122,-3.9723282,10.499786,12.5376,-13.182154,16.581301,-21.116221,-6.6405404,2.7362627,-2.9376734
-5.4506277,0.9925093,0.49208425,3,7,0,7.1390009,7.1088541,6.7267265,-0.77114347,-0.12683763,0.2849787,-0.11670887,-1.1800018,-0.44526711,-1.2056218,0.69474729,1.9215829,9.0258279,-0.82869533,-1.0010343,6.2556521,6.3237854,4.113664,11.782229,-5.1382862,-3.2267852,-3.7007354,-3.581365,-3.4411291,-3.4339524,-4.1856753,-3.8093835,-21.652244,10.348172,15.00863,-4.1670456,6.8481263,-4.7015608,4.2164544,32.304428
-8.727621,0.62886124,0.80249648,2,7,0,11.328774,2.8185962,0.54571702,-1.4018943,-1.5009439,0.55992672,-1.5706368,-0.5686988,0.4880512,-0.75920841,-1.264496,2.0535586,3.1241577,2.5082476,2.4042832,1.9995056,1.961473,3.084934,2.1285392,-5.1230283,-3.3403928,-3.7507866,-3.4041091,-3.1717004,-3.3206538,-4.3338196,-3.9596895,16.279156,-0.3630531,23.857481,-17.416315,-8.2986343,17.027504,-12.901367,-14.471214
-8.9039446,0.82658849,0.53524995,3,7,0,22.530927,6.0473542,0.035062292,1.4369285,1.0490716,-0.24733312,0.25266175,1.0044669,0.56203818,-0.31908431,-0.24863703,6.0977362,6.0386821,6.0825731,6.0361664,6.084137,6.0562131,6.0670605,6.0386364,-4.6930091,-3.2407575,-3.8526467,-3.3206725,-3.425947,-3.4224755,-3.9334988,-3.8641527,0.18214724,-1.6593243,-0.096987189,-1.367619,-2.4380304,3.6786408,18.186081,-1.0101157
-5.6490517,0.97977508,0.57957891,3,7,0,12.627323,3.9404668,1.414909,-1.4668547,-0.98708878,0.36143522,-0.75810541,-0.93125684,-0.60098086,-0.34581889,0.24008406,1.8650008,4.4518647,2.6228231,3.4511645,2.543826,2.8678166,3.0901336,4.2801639,-5.1448514,-3.2844699,-3.7532775,-3.3688761,-3.193686,-3.3312501,-4.3330442,-3.9012792,-36.519094,-13.30138,10.482137,1.9053356,-3.3990369,-22.332729,-4.076023,-15.647254
-5.7558408,0.90422875,0.9061319,2,3,0,7.1230059,7.1264416,13.02791,2.3961678,0.26127739,0.51502596,-0.27250845,0.42340986,0.75917542,-0.17795867,0.062355298,38.343499,13.836153,12.642587,4.8080121,10.53034,3.576226,17.01691,7.9388007,-3.8647398,-3.391827,-4.1694384,-3.3366884,-3.9368343,-3.3442592,-3.226356,-3.834763,37.033795,22.755937,45.748112,-5.5141041,10.964334,-6.7643475,6.7598394,22.856239
-8.5184389,0.13573491,1.1754431,2,3,0,13.75173,6.4117469,1.0368501,0.86878823,-0.26359446,1.3426416,-0.36450394,0.063969094,-2.4351462,-1.0022883,0.70987333,7.3125501,7.8038651,6.4780733,5.3725242,6.138439,6.033811,3.8868652,7.1477792,-4.5780345,-3.221716,-3.866984,-3.3277788,-3.4307144,-3.4215415,-4.2174265,-3.8456437,9.0620791,15.664246,41.013647,22.890289,3.8892209,6.9136187,3.2599214,5.9324297
-5.8457939,1,0.24530381,4,15,0,10.165223,7.2258259,1.4982119,0.74833336,0.48716289,1.0359826,-0.74957489,0.30077878,-1.5463783,-0.34398553,-0.19985881,8.3469879,8.7779473,7.6764563,6.7104627,7.9556992,6.1028039,4.9090236,6.9263951,-4.4853018,-3.2245496,-3.9141576,-3.3171802,-3.6112529,-3.4244314,-4.0783919,-3.8490348,27.047855,22.929288,52.228031,12.919488,9.5095321,-11.920905,-5.0689932,-9.6799592
-5.1458127,0.97870318,0.40084916,4,15,0,9.6394514,6.9114392,3.307697,0.98291462,0.45196498,0.47374214,-0.32525197,0.4893289,-1.4732485,-0.51374567,0.035803265,10.162623,8.4784346,8.5299909,5.2121242,8.4064024,5.8356042,2.0383795,7.0298655,-4.3340377,-3.2226681,-3.951177,-3.3300425,-3.6623385,-3.4134581,-4.4953903,-3.847431,7.3085494,13.581903,-23.644071,10.193135,-0.67117973,18.62637,-3.4986241,20.013431
-7.502691,0.14589607,0.61907201,3,7,0,12.189418,5.8603346,0.50836629,1.6332735,0.54089591,1.1697822,-0.71066822,-0.18462382,-1.5496713,-0.21225762,0.082864569,6.6906358,6.4550125,5.7664781,5.75243,6.1353079,5.4990549,5.072534,5.9024602,-4.6360754,-3.2334586,-3.8416271,-3.3232653,-3.4304385,-3.4004763,-4.0571205,-3.8666868,6.4512179,-0.65550231,16.978286,3.9766273,11.060038,-13.513264,15.541944,24.913756
-6.291587,0.99890999,0.13698297,5,31,0,12.380982,2.301301,1.3939667,-0.55100126,-0.93369437,-1.1939195,0.85107123,0.097335703,1.8544183,0.23148946,-0.10264517,1.5332236,0.63701698,2.4369837,2.6239896,0.99976212,3.487666,4.8862984,2.1582171,-5.1836337,-3.4925912,-3.7492632,-3.3959638,-3.1408486,-3.342406,-4.0813695,-3.9587867,-2.1855333,2.2951533,23.759303,2.0212756,-4.0236481,-28.89238,1.0799271,16.528943
-6.0648678,0.99717508,0.22192499,4,31,0,10.670668,2.7002324,4.1533046,0.80955966,-1.5939448,-1.3631527,-1.0287589,0.080416208,-0.50924972,-0.22709239,0.33219882,6.0625802,-2.9613562,3.0342254,1.7570485,-3.9199059,-1.5725167,0.58516318,4.0799553,-4.696434,-3.8222803,-3.7626442,-3.4304228,-3.1687918,-3.3441803,-4.7379063,-3.9061114,-4.3865997,-7.8048117,2.2378157,-11.614356,-13.217202,-15.519448,7.2721766,29.85015
-5.8478638,0.9123119,0.35587021,3,7,0,10.507833,7.8573381,0.52062557,-0.3778346,0.731001,-0.074256189,-1.1382761,-0.75941473,0.52067659,0.41876442,0.47156852,7.6606277,7.8186784,7.4619674,8.0753576,8.2379159,7.2647224,8.1284156,8.1028487,-4.5463,-3.221688,-3.9053022,-3.3216123,-3.6429476,-3.4790104,-3.7087645,-3.8327482,50.487921,12.112612,37.181726,6.7286433,24.324456,12.36271,15.631117,8.5073353
-7.6938495,0.98883216,0.46735372,3,7,0,11.594675,-1.3386808,3.1518052,0.85235398,-0.77065696,0.29861951,1.9907672,0.12634253,1.3796933,0.45076172,1.577104,1.347773,-0.39749024,-0.94047371,0.08203238,-3.7676414,4.9358297,3.0098438,3.6320439,-5.2055247,-3.5741128,-3.6998117,-3.5145953,-3.1634461,-3.3808452,-4.3450475,-3.91737,-23.252575,-1.9815047,-25.826311,-10.483267,-16.670408,9.8590612,-8.7121124,7.1036117
-7.6938495,1.2157646e-28,0.72752467,1,1,0,13.522627,-1.3386808,3.1518052,0.85235398,-0.77065696,0.29861951,1.9907672,0.12634253,1.3796933,0.45076172,1.577104,1.347773,-0.39749024,-0.94047371,0.08203238,-3.7676414,4.9358297,3.0098438,3.6320439,-5.2055247,-3.5741128,-3.6998117,-3.5145953,-3.1634461,-3.3808452,-4.3450475,-3.91737,-6.3975353,4.0928161,-24.100852,0.1962326,-7.343322,1.2096319,-9.7097247,-10.697164
-4.1802882,0.9988818,0.12128755,5,31,0,12.583807,7.0346007,1.9761851,0.34031339,0.51461135,-0.12910265,-1.1593131,-0.33085631,0.40629944,-0.09187188,-0.96637693,7.7071229,6.7794699,6.3807673,6.8530448,8.051568,4.7435833,7.8375236,5.1248609,-4.5421018,-3.2289721,-3.8633999,-3.316923,-3.6219093,-3.3747446,-3.7379033,-3.882254,34.815221,6.9514367,3.8070822,-0.54940946,2.0090574,6.0646117,1.0932001,11.07579
-5.1614361,0.9907016,0.19362236,4,31,0,8.7422843,1.2865279,4.5466467,-0.6136447,-0.042374084,1.1273841,1.1943341,0.20122995,0.92382684,-0.74774983,0.91840878,-1.5034977,6.412345,2.2014494,-2.1132263,1.093868,6.7167432,5.4868422,5.4622082,-5.5613362,-3.2341269,-3.7443692,-3.6600193,-3.1432266,-3.4518799,-4.0044192,-3.8752713,5.3131213,-0.98682019,-3.0365477,-3.9744163,-1.0334264,17.739688,15.298173,8.7884257
-13.569413,0.88585885,0.30177677,4,15,0,15.540111,5.1433911,0.60395603,1.9568727,1.5190868,0.70099566,0.72312835,0.7928887,1.8785448,-2.0795321,2.1526608,6.3252562,5.5667617,5.622261,3.8874452,6.0608528,5.5801289,6.2779496,6.4435036,-4.6709766,-3.2511269,-3.8367292,-3.3568669,-3.423914,-3.403518,-3.908556,-3.8569564,-28.96448,-4.451511,7.2615145,10.844403,6.0635597,16.435262,-0.66481518,-9.9004544
-6.0025235,1,0.37094088,3,7,0,17.375896,-2.9460969,9.9052634,-0.73570606,0.20769075,0.62370846,0.60036252,-0.46469024,0.29746731,0.57866748,0.85268727,-10.233459,3.2318997,-7.5489761,2.7857569,-0.88886529,3.000652,0.00039510533,5.4999951,-6.8754274,-3.3351975,-3.7319436,-3.3902216,-3.1162394,-3.3333735,-4.8414525,-3.874511,-35.195222,4.8106386,-20.245477,-6.8788492,-9.2828341,12.149454,-5.8053465,4.8752985
-5.3340805,0.99962128,0.58464181,3,7,0,8.4539211,3.9468226,5.2104808,0.85625154,-0.28791325,1.3433177,-0.070173129,0.56642561,2.15943,0.13634425,1.3200859,8.4083049,10.946154,6.8981724,4.6572417,2.4466562,3.5811869,15.198491,10.825105,-4.4799543,-3.2649227,-3.8828824,-3.3395136,-3.189493,-3.3443649,-3.2607659,-3.8114405,21.304746,8.8336986,20.743148,18.776556,1.151174,3.4845491,13.105238,12.483007
-5.3340805,3.2673295e-57,0.91574781,1,1,0,12.365127,3.9468226,5.2104808,0.85625154,-0.28791325,1.3433177,-0.070173129,0.56642561,2.15943,0.13634425,1.3200859,8.4083049,10.946154,6.8981724,4.6572417,2.4466562,3.5811869,15.198491,10.825105,-4.4799543,-3.2649227,-3.8828824,-3.3395136,-3.189493,-3.3443649,-3.2607659,-3.8114405,9.6039708,23.092156,16.752253,1.5110383,0.88167314,-7.1337843,2.4077757,19.725231
-7.4788003,0.96850432,0.16230417,5,31,0,13.237035,8.0441858,0.86437183,-1.220914,-1.6201395,0.86197359,-0.17517577,-0.76862085,-1.0330748,0.13980757,-0.83265686,6.9888622,8.7892515,7.3798116,8.1650316,6.6437829,7.8927688,7.1512251,7.3244607,-4.6080285,-3.2246382,-3.9019579,-3.3224425,-3.4768262,-3.5131572,-3.8100032,-3.8430459,-9.8807594,15.947323,0.2536226,10.29151,4.0192741,4.2514858,4.0712018,19.364595
-3.8966547,0.99776684,0.23817315,4,15,0,8.8741724,1.6042058,2.2502952,-0.39854236,0.36182754,-0.32904717,0.90769259,0.2899294,0.27157283,0.47343604,-0.40970272,0.70736789,0.86375258,2.2566326,2.6695767,2.4184246,3.6467821,2.2153249,0.68225378,-5.2822949,-3.4761538,-3.7454964,-3.3943237,-3.1882966,-3.345782,-4.4673035,-4.0069822,2.9314145,7.1823955,13.277849,0.08828783,-0.48329115,8.9366731,-1.8726808,11.07886
-5.9288391,0.90895773,0.37055614,4,15,0,10.652306,5.7877494,0.36288698,1.025122,-0.66705407,0.36361028,-0.19343397,-0.59282941,0.67250299,-0.092817509,1.1357256,6.1597528,5.9196988,5.5726193,5.7540671,5.5456842,5.7175547,6.031792,6.1998894,-4.6869807,-3.2431619,-3.835062,-3.3232485,-3.3806445,-3.4087979,-3.9377136,-3.8612259,-8.4240028,13.316248,4.4993774,22.612582,19.321897,6.0792089,-7.3181029,-5.7788639
-6.8789108,0.83553668,0.47443193,2,7,0,10.295314,7.985392,0.64967391,1.0085443,-0.49822961,-0.42942701,-0.89843085,0.64513434,-0.51648866,-0.33765239,1.6476455,8.6406169,7.7064045,8.404519,7.7660281,7.6617052,7.4017049,7.6498428,9.0558243,-4.4598459,-3.2219546,-3.9455567,-3.3192586,-3.5792812,-3.4861802,-3.7571524,-3.8226871,17.676288,-6.1523999,-13.09442,5.6316901,-0.87265828,0.97866595,15.077668,19.055898
-12.68236,0.83470308,0.51818275,3,7,0,15.539518,-0.44137725,4.4578353,-2.3089723,-0.605922,-0.94814985,-0.07424624,-1.007685,1.8240608,-0.7963288,-1.9464034,-10.734396,-4.6680732,-4.9334712,-3.9912799,-3.1424777,-0.77235477,7.6899855,-9.1181231,-6.9611074,-4.023924,-3.6988286,-3.8160414,-3.1444977,-3.3298141,-3.7530056,-4.4975435,-29.362396,-8.3643726,-14.706047,3.4419074,1.0332443,-12.321642,21.369678,-37.068245
-9.8391282,1,0.56439112,3,7,0,19.370169,-1.1299072,0.96258509,0.40916914,0.94743072,-0.27878303,-2.0078197,-0.23744332,2.2284356,-0.71089133,0.14401665,-0.73604706,-1.3982596,-1.3584666,-1.8142006,-0.21792449,-3.0626044,1.0151517,-0.9912789,-5.4620118,-3.66316,-3.6967902,-3.6378674,-3.1199387,-3.3850353,-4.663949,-4.069763,-11.668699,-7.7327065,-25.943837,-19.611188,-27.690416,-11.908559,-11.328899,17.692529
-7.541729,0.30912561,0.8693907,3,7,0,13.570898,2.3336482,5.5037311,-0.28059188,-1.0190789,-1.0548735,-1.5543163,-0.93300968,2.1841514,-0.60877785,0.19135785,0.78934588,-3.4720922,-2.8013862,-1.0169015,-3.2750879,-6.220891,14.35463,3.3868303,-5.2723658,-3.8795681,-3.6916043,-3.5824152,-3.1481139,-3.5322936,-3.2879672,-3.9237959,3.666536,-2.7229457,14.051767,11.331334,-8.4188387,-28.356024,10.71805,4.9478437
-9.249517,0.98589068,0.31421445,4,15,0,14.307625,3.2275203,4.1197578,2.5705039,1.8405176,0.80637671,0.78105216,-0.24382514,0.79440746,1.1308543,-1.3099242,13.817374,6.549597,2.2230197,7.8863661,10.810007,6.445266,6.5002866,-2.1690504,-4.0739818,-3.232042,-3.7448084,-3.3200803,-3.9771277,-3.4393583,-3.8827407,-4.1191282,19.950118,-4.0046402,2.0328338,21.616734,20.698128,-7.3635111,18.752107,16.7722
-7.3030722,0.954379,0.46926479,3,7,0,15.659679,7.1866948,1.3684205,0.37472133,-0.21340371,-1.9305885,1.1297664,0.87845119,0.13973267,1.2408141,0.76152755,7.6994712,4.544838,8.3887854,8.8846502,6.8946688,8.7326903,7.3779079,8.2287847,-4.542792,-3.2812143,-3.9448562,-3.3315111,-3.5008902,-3.5639185,-3.7856678,-3.8312579,2.4790199,10.877644,4.2577932,22.133356,-2.634632,0.16896869,-4.9567892,3.0196157
-6.1488994,0.96295597,0.65376855,3,7,0,10.737381,0.10214528,3.4765197,0.52572181,0.87555206,0.7422812,0.25734981,-0.29600154,-0.74156736,-0.98594285,-1.1584321,1.9298275,2.6827005,-0.92690992,-3.3255045,3.1460193,0.99682698,-2.4759283,-3.9251666,-5.1373307,-3.362892,-3.6999212,-3.757396,-3.222271,-3.3168338,-5.3178418,-4.2006852,1.8407919,12.971851,-7.7573543,6.2568149,-5.7587002,10.453767,-11.420761,0.90796438
-8.6503081,0.3219198,0.92379072,3,7,0,11.378493,9.2286134,0.90085543,0.3153902,1.0631316,0.52673064,0.23621896,1.0903876,-0.13373452,2.33098,-0.28395001,9.5127344,9.7031215,10.210895,11.328489,10.186341,9.4414125,9.1081379,8.9728155,-4.3864976,-3.2360267,-4.0324018,-3.3942545,-3.8885966,-3.6112861,-3.6168497,-3.823452,41.070739,-2.2053683,30.649864,9.7462008,14.518858,33.186865,9.0466958,5.8232761
-7.5935502,0.88044529,0.34990073,3,15,0,14.222272,8.6868647,0.77659825,0.27101183,0.76575721,0.78663843,0.30411771,0.71596536,0.20332193,2.1239176,0.41641972,8.897332,9.2977668,9.2428822,10.336295,9.2815504,8.923042,8.8447642,9.0102556,-4.4379041,-3.2299446,-3.9842776,-3.3628291,-3.7686957,-3.576233,-3.6406153,-3.8231044,7.6601373,28.863598,-4.0528187,-12.090492,0.45572693,11.968741,15.730243,3.341546
-8.9335218,0.95522407,0.41771849,4,15,0,13.204569,3.6513005,0.27814924,0.69902704,-2.2521609,-1.1038111,0.19638006,-0.16929098,1.2421471,0.93832457,0.062831663,3.8457343,3.3442763,3.6042123,3.9122948,3.0248637,3.7059235,3.9968028,3.6687771,-4.9234966,-3.3299024,-3.776714,-3.3562302,-3.2161602,-3.3470901,-4.2019713,-3.9164234,21.727774,-12.324913,16.499596,1.8112334,4.3870214,-6.1303115,-12.296647,28.365519
-6.0907571,1,0.57924087,3,7,0,11.647165,8.4975,7.1755744,-0.094521622,-1.1906768,0.34647598,-0.37307933,1.8594369,-0.1134723,0.11619709,-0.32025146,7.819253,10.983664,21.840027,9.3312808,-0.046289678,5.8204415,7.6832711,6.1995118,-4.5320166,-3.2660349,-4.896658,-3.3392919,-3.1217777,-3.412853,-3.7536981,-3.8612326,-12.241164,8.646499,22.973958,7.2861163,-4.2602424,-6.2403273,2.3485492,30.248386
-6.0907571,5.4905337e-05,0.8762224,2,3,0,14.673078,8.4975,7.1755744,-0.094521622,-1.1906768,0.34647598,-0.37307933,1.8594369,-0.1134723,0.11619709,-0.32025146,7.819253,10.983664,21.840027,9.3312808,-0.046289678,5.8204415,7.6832711,6.1995118,-4.5320166,-3.2660349,-4.896658,-3.3392919,-3.1217777,-3.412853,-3.7536981,-3.8612326,-6.0698911,14.55586,23.953244,17.680351,6.0854952,-2.6874739,16.662751,-3.8119502
-6.2240955,0.96830549,0.17737325,4,15,0,10.3641,0.70171883,0.55549927,0.00135745,-0.67804797,-0.069167192,-0.012061035,-1.1097589,0.58408104,-1.1912414,0.45154544,0.7024729,0.66329651,0.085248563,0.039985121,0.32506368,0.69501894,1.0261754,0.952552,-5.2828887,-3.4906597,-3.7101186,-3.5170066,-3.1270013,-3.3172182,-4.6620772,-3.997653,4.5686571,12.81432,-18.211284,-1.1256536,5.2992196,-5.3756373,11.004854,-0.90555696
-7.4772836,0.99092464,0.25226981,3,15,0,11.345545,6.5142411,0.80144099,-0.032395474,0.45470014,-0.17063759,-0.81849738,0.23281433,-0.068578936,2.6166319,0.31845457,6.488278,6.3774851,6.7008281,8.6113171,6.8786564,5.8582637,6.4592791,6.7694636,-4.6553314,-3.2346864,-3.8753282,-3.3275625,-3.4993312,-3.4143657,-3.8874648,-3.8515302,11.587353,7.3478314,40.830497,20.383516,-1.6266032,11.825785,0.56884572,-6.2773073
-7.4039686,0.85906115,0.37397773,4,15,0,15.108201,5.7724853,3.4302057,2.1967512,-0.80858817,0.89457833,-1.8232783,0.39260625,0.29380667,0.0093914493,-1.4441936,13.307794,8.841073,7.1192055,5.8046999,2.9988616,-0.48173422,6.7803026,0.81860431,-4.1066797,-3.2250606,-3.891524,-3.3227377,-3.2148723,-3.3259063,-3.8509317,-4.002248,32.446157,14.440089,19.944492,16.847177,-9.2047108,0.29628935,12.930834,-0.14270052
-8.5674824,0.61028469,0.4254727,4,15,0,13.472301,6.6120067,1.938752,2.7962311,-0.81836176,0.5191546,-1.4167877,0.25621313,-0.44253697,-0.014785232,-1.2885175,12.033205,7.6185187,7.1087404,6.5833418,5.0254062,3.8652067,5.7540373,4.1138909,-4.1935188,-3.2222513,-3.8911105,-3.3175512,-3.3402713,-3.350757,-3.9713416,-3.9052836,39.121818,14.267247,18.071532,8.7096296,-0.51263086,7.7577254,1.9221734,2.7563651
-4.2908385,0.98294705,0.29624472,3,15,0,15.082682,4.6537812,5.4439226,1.1329294,-0.12207042,-0.90139104,0.63997269,0.68158707,0.92000762,1.1805252,0.42267696,10.821361,-0.25332179,8.3642885,11.080469,3.9892393,8.137743,9.6622315,6.9548019,-4.282779,-3.5621102,-3.9437676,-3.3856364,-3.2698206,-3.5273601,-3.5691155,-3.8485912,0.23168894,-8.1023261,-1.2868498,2.8480715,4.6819572,1.6646003,13.84066,1.3296612
-5.2611469,0.93232183,0.42952692,3,7,0,8.9740755,4.3023271,4.4134999,0.28432856,-0.50665434,1.2769575,-0.16259163,1.650981,1.7080803,0.25614307,0.30378914,5.5572112,9.9381788,11.588931,5.4328145,2.0662082,3.584729,11.840939,5.6431005,-4.7462749,-3.2403063,-4.1072244,-3.3269829,-3.1741979,-3.3444405,-3.4111938,-3.8716717,21.075912,24.944136,2.7217777,3.7468351,1.0518622,5.8477889,33.169299,-36.355615
-4.5881145,0.98941387,0.56223291,3,7,0,8.6762352,-0.69052492,13.929964,1.2302435,0.43644112,-0.32695069,0.32774005,-1.116571,0.32160867,0.33612058,0.99957507,16.446723,-5.2449363,-16.244319,3.9916227,5.3890841,3.8748822,3.7894722,13.23352,-3.923607,-4.0986653,-4.0341288,-3.3542319,-3.3681409,-3.3509865,-4.2312191,-3.8116584,8.1445331,-10.818753,-14.899104,-24.59471,4.1092216,-13.980255,-3.5593252,27.675686
-4.5881145,0.28084512,0.82008404,3,7,0,10.258525,-0.69052492,13.929964,1.2302435,0.43644112,-0.32695069,0.32774005,-1.116571,0.32160867,0.33612058,0.99957507,16.446723,-5.2449363,-16.244319,3.9916227,5.3890841,3.8748822,3.7894722,13.23352,-3.923607,-4.0986653,-4.0341288,-3.3542319,-3.3681409,-3.3509865,-4.2312191,-3.8116584,13.51915,-6.5546589,-1.9029937,6.5105008,13.446323,25.32527,-2.267299,-2.9494248
-7.4143575,0.91598136,0.30320686,4,15,0,11.670638,-2.9363127,3.8675894,-0.41647896,-0.34477333,0.16856451,1.118069,1.2782452,0.78543543,0.93439852,-0.97284139,-4.5470823,-2.2843744,2.0074149,0.67755707,-4.2697544,1.3879192,0.101429,-6.6988638,-5.9810167,-3.7503654,-3.7405003,-3.4820127,-3.1821588,-3.3174556,-4.8233178,-4.3488898,10.827186,9.0985474,-13.061678,-2.8673194,-15.054112,-3.1167587,11.079536,-41.049724
-5.7666396,0.9869106,0.3837392,4,15,0,10.74815,8.9263082,10.770294,-0.24073976,-0.76105319,-0.18708286,-1.0923999,-1.2837188,0.18444445,-1.0574336,1.1047982,6.3334701,6.9113707,-4.8997207,-2.4625627,0.7295415,-2.8391606,10.912829,20.825309,-4.6701854,-3.2274492,-3.698576,-3.6868342,-3.134628,-3.3777394,-3.4726636,-3.9295049,-2.1024464,-1.8610313,8.875393,-1.7183517,0.69480525,-3.4306639,2.9272153,36.5999
-3.7933122,1,0.55508107,3,7,0,7.3467405,5.6761503,2.2036821,-0.30992021,-0.8075762,0.065380025,0.75767853,-0.67090153,0.85335312,0.46596797,0.63537155,4.9931847,5.8202271,4.1976967,6.7029956,3.8965091,7.3458329,7.5566693,7.0763072,-4.8032411,-3.2452807,-3.7927125,-3.3171983,-3.2641619,-3.4832371,-3.7668394,-3.8467219,19.650752,1.4216165,3.1344974,-9.892606,-12.934309,-8.630522,32.298757,21.412714
-5.2249933,0.44291326,0.8204454,3,7,0,11.266331,0.8567695,0.97294079,0.77829538,-0.26363227,0.17583731,-0.59442822,0.45217455,0.12494909,-0.10391879,1.3394504,1.6140048,1.0278488,1.2967086,0.75566267,0.60027091,0.27842604,0.97833756,2.1599754,-5.1741459,-3.4645781,-3.7275853,-3.4779567,-3.1319709,-3.3189853,-4.6702086,-3.9587333,-7.2618619,-6.7686445,3.9716119,-25.234405,9.6051385,10.04943,-11.292323,-17.921589
-2.1107017,0.98664783,0.41991927,3,7,0,8.8550566,3.1559119,7.1174823,0.41813889,0.35577072,0.37819041,0.0021194073,-0.027417195,0.22105077,-0.0079984603,-0.022434459,6.132008,5.8476754,2.9607705,3.098983,5.6881037,3.1709967,4.7292368,2.996235,-4.6896756,-3.2446861,-3.7609233,-3.3797178,-3.3922787,-3.3363099,-4.1020894,-3.9344149,32.445375,9.1557116,-6.2161032,10.139374,3.6097601,14.073593,-1.9965408,-23.627989
-2.5748229,0.71098129,0.60381567,3,7,0,10.409496,3.7653244,6.4935188,0.04423641,-0.82249396,-0.58870286,-0.36916788,0.096270392,0.55653144,-0.0054433261,0.35441427,4.0525744,-0.057428598,4.390458,3.7299781,-1.5755556,1.3681259,7.3791718,6.0667202,-4.9013869,-3.5461344,-3.7982047,-3.3610199,-3.118208,-3.3173938,-3.7855336,-3.8636372,13.342527,-4.1940764,-7.7572398,0.4008691,6.1998172,-7.7281492,8.1613535,-2.4432276
-6.7928633,0.31423049,0.51532631,3,7,0,7.8728835,8.9864585,0.89267313,0.35108012,1.9572006,0.30058326,-0.87193263,0.02092563,0.41619586,0.071640225,-0.095294253,9.2998583,9.2547811,9.0051383,9.0504098,10.733599,8.2081077,9.3579854,8.9013919,-4.4040894,-3.229396,-3.9730182,-3.3342065,-3.9660233,-3.5315314,-3.5949457,-3.8241272,-7.3729423,4.1198748,19.708158,16.01824,22.203785,18.692367,3.6348154,-18.327009
-5.225888,0.98986638,0.20950213,4,15,0,10.800079,4.4615543,7.0167375,1.0754651,-0.83267427,-0.12110138,-0.91715169,0.93045589,2.1764823,-0.40630902,0.66106277,12.007811,3.6118177,10.990319,1.6105906,-1.3811024,-1.9738583,19.733359,9.1000583,-4.1953223,-3.3178043,-4.0738105,-3.4368575,-3.1170596,-3.3533786,-3.2365463,-3.8222882,0.92370839,-11.069009,2.6005391,4.7761842,-3.6020578,21.191005,40.870068,3.9964823
-5.8153511,0.97825439,0.30250449,4,15,0,8.7850641,2.3670329,5.8089801,0.080582085,0.61017136,1.5134133,0.48845598,-1.0256298,0.54103557,1.2871572,-1.10962,2.8351327,11.158421,-3.5908301,9.8441033,5.9115062,5.204464,5.5098978,-4.0787278,-5.0342566,-3.2714017,-3.6922091,-3.3502591,-3.411033,-3.3898814,-4.0015369,-4.2082694,-7.3952126,38.847984,-0.99294983,1.0314265,16.377842,-2.939557,-14.891517,-30.501272
-8.2249646,0.62545264,0.42611522,4,15,0,11.41479,6.9093369,0.23646374,-0.15370185,-0.46916038,-1.0769684,-0.6783508,1.2722699,0.51899833,-1.1887004,1.3340421,6.872992,6.654673,7.2101826,6.6282524,6.7983975,6.7489316,7.0320612,7.2247895,-4.6188787,-3.2305732,-3.8951363,-3.3174049,-3.4915644,-3.4534049,-3.823002,-3.8444995,19.55332,1.4626919,11.618272,-9.5510592,2.4107699,15.083376,19.404585,28.645719
-9.0724343,0.99503169,0.3117373,4,15,0,12.356637,1.4251354,12.702321,-0.44727252,0.31615738,0.68659615,0.73207092,-1.3504326,-0.28035287,1.0331009,-1.2518024,-4.2562637,10.1465,-15.728493,14.547915,5.4410679,10.724135,-2.1359968,-14.47566,-5.9391366,-3.2445609,-4.0079619,-3.5522513,-3.3722579,-3.7075727,-5.2488155,-4.8910396,9.6418091,-2.7807878,-33.141471,8.2935628,1.1044868,10.974536,0.40639617,26.71215
-4.0955197,1,0.45149207,3,7,0,12.779428,3.96558,8.9333778,0.30894298,0.29377266,0.42835499,0.51718726,-1.1637274,0.61025024,0.5790413,-1.1512917,6.7254844,7.792237,-6.4304361,9.1383748,6.5899622,8.5858093,9.417176,-6.3193439,-4.6327777,-3.2217395,-3.7145114,-3.335729,-3.4717651,-3.554621,-3.589848,-4.327209,9.9039842,7.6655433,-1.7300855,11.577538,14.716104,24.873579,17.968212,-6.5077082
-6.1799828,0.58469297,0.65782065,3,7,0,8.6107908,1.9239035,2.749414,1.0273103,-1.0547134,1.7621712,0.6072305,-0.16950802,0.083997642,-1.2012565,-0.70568182,4.7484048,6.7688417,1.4578557,-1.3788481,-0.97594019,3.5934315,2.1548478,-0.016308005,-4.8284036,-3.2291024,-3.7303407,-3.6069375,-3.1161667,-3.3446267,-4.4768679,-4.0321369,3.7236654,13.178579,6.8633682,20.322802,-22.182879,24.153048,20.203044,1.4016955
-3.9194412,0.99659695,0.44762102,3,7,0,7.9235327,3.6946558,7.6573491,0.65582568,0.88078071,0.49331889,0.65468036,0.52836688,0.035796625,-0.24689596,-0.18427548,8.716542,7.4721708,7.7405455,1.8040873,10.439101,8.7077719,3.9687631,2.2835941,-4.453326,-3.2229166,-3.9168384,-3.4283938,-3.9238979,-3.5623286,-4.2059017,-3.9550025,-2.3276881,-9.12271,7.8021299,10.065169,20.408952,18.129753,12.296504,18.695675
-8.6700391,0.77928458,0.64613107,3,7,0,10.339254,8.1417014,1.590887,0.31437747,-2.3630821,-0.57339355,-1.6408183,-1.3896056,1.0680506,0.3174621,0.56770907,8.6418405,7.2294971,5.9309959,8.6467478,4.3823048,5.5313449,9.8408492,9.0448624,-4.4597406,-3.224492,-3.8473138,-3.3280395,-3.2949854,-3.4016813,-3.5543823,-3.8227869,1.8371425,27.307869,1.1627043,9.0662075,13.352148,9.0370451,20.194655,28.391602
-8.6700391,0,6.2224754,0,1,1,12.395835,8.1417014,1.590887,0.31437747,-2.3630821,-0.57339355,-1.6408183,-1.3896056,1.0680506,0.3174621,0.56770907,8.6418405,7.2294971,5.9309959,8.6467478,4.3823048,5.5313449,9.8408492,9.0448624,-4.4597406,-3.224492,-3.8473138,-3.3280395,-3.2949854,-3.4016813,-3.5543823,-3.8227869,18.791194,14.229623,21.031602,17.655531,1.3971337,4.1160016,15.785929,28.155394
-4.4115663,1,0.93368832,2,3,0,11.277852,5.0633702,3.7129079,0.8105903,1.2343485,0.26732177,0.84656402,-0.012511966,-0.28921964,-0.41551577,-0.39343896,8.0730173,6.0559113,5.0169144,3.5205984,9.6463925,8.2065844,3.9895243,3.6025675,-4.509399,-3.240421,-3.8170564,-3.3668596,-3.8158278,-3.5314407,-4.2029908,-3.9181326,-10.040667,0.82877486,-7.7464881,5.7010414,1.0429811,18.415109,-24.553289,-4.5738053
-4.4115663,7.4692468e-70,1.2359202,1,1,0,14.881613,5.0633702,3.7129079,0.8105903,1.2343485,0.26732177,0.84656402,-0.012511966,-0.28921964,-0.41551577,-0.39343896,8.0730173,6.0559113,5.0169144,3.5205984,9.6463925,8.2065844,3.9895243,3.6025675,-4.509399,-3.240421,-3.8170564,-3.3668596,-3.8158278,-3.5314407,-4.2029908,-3.9181326,-18.591001,12.763318,-1.435042,13.256847,-5.9524394,-3.0897178,10.536278,-1.9861759
-5.8460832,0.99259695,0.11154193,5,31,0,10.2291,2.3033517,1.0519076,-0.39606742,1.3782256,-1.1187621,-0.51356459,-0.64124578,-0.30875124,0.65265081,0.39240234,1.8867254,1.1265173,1.6288204,2.98988,3.7531177,1.7631292,1.9785739,2.7161227,-5.142329,-3.4577474,-3.7333749,-3.3832845,-3.2556207,-3.3192403,-4.5049541,-3.9423201,2.9139686,3.5315888,4.6184968,-0.86011934,-2.1930649,-8.517912,-4.9152409,22.630093
-7.3798815,0.99113471,0.16600961,5,31,0,12.373977,6.1975217,0.75310979,0.11679923,-1.0700114,1.42437,-0.74938689,0.47345009,1.8520099,-0.87038394,-0.31333152,6.2854843,7.2702287,6.5540816,5.542027,5.3916856,5.6331511,7.5922885,5.9615487,-4.6748114,-3.2241865,-3.8698094,-3.3256176,-3.3683461,-3.4055367,-3.7631259,-3.8655802,18.538063,12.333474,27.478301,5.4302571,3.863468,8.7610961,-4.7396637,15.599732
-13.966895,0.96209567,0.27001733,3,7,0,16.590669,10.45982,7.2169215,1.4044348,-1.4452472,2.09987,0.77766681,1.6638484,1.0217774,0.42946561,-1.8391462,20.595515,25.614416,22.467683,13.559239,0.029583823,16.07218,17.833907,-2.8131543,-3.7488252,-4.772862,-4.9583298,-3.4946174,-3.1227066,-4.2555553,-3.2216616,-4.1479361,36.189169,31.157101,20.033527,24.031829,12.818793,14.746615,22.000568,1.268138
-5.2502255,0.82387525,0.42426926,3,7,0,19.215454,6.1775982,2.0938634,1.643199,0.052324534,-1.0041878,-0.54964642,0.87901022,-0.22786971,-0.63898117,0.58873018,9.6182325,4.0749661,8.0181255,4.839659,6.2871586,5.0267137,5.7004702,7.4103188,-4.377854,-3.2985531,-3.9286349,-3.3361192,-3.4439574,-3.3838356,-3.9779158,-3.8418183,14.730472,9.3067542,13.67196,7.8449512,-7.5075638,-8.6840935,0.6280335,-7.0956862
-4.576734,0.93351501,0.4454621,3,7,0,11.083789,5.6647412,1.1525584,1.1012183,0.17130802,-0.85574568,-0.14218712,0.26109892,-0.080223387,-0.9575197,-0.4259366,6.9339596,4.6784443,5.9656729,4.5611438,5.8621837,5.5008622,5.572279,5.1738244,-4.6131622,-3.2766873,-3.8485259,-3.3414124,-3.4068394,-3.4005436,-3.9937649,-3.8812187,-4.1287858,9.2954664,19.233808,6.1467103,7.4562434,7.8481107,-2.0480256,4.0378408
-6.7474069,0.83492826,0.6703533,2,3,0,9.1743617,8.0400408,0.66269485,-0.2207813,0.9560579,-1.6658496,-0.70972575,0.46546177,-0.20106419,-0.42221275,0.70012119,7.8937301,6.9360908,8.3484999,7.7602425,8.6736154,7.5697092,7.9067966,8.5040075,-4.5253489,-3.2271831,-3.9430672,-3.3192221,-3.6938102,-3.4951854,-3.7308874,-3.8281713,5.2843518,4.786652,-21.619969,2.023975,3.4178462,21.433115,11.465272,1.9058121
-6.9751704,0.74125783,0.74628906,3,7,0,10.557603,0.24956653,8.5591122,1.4977223,-1.0275466,0.62164014,-0.27753956,-1.073163,0.59000737,1.0943979,-1.7775213,13.06874,5.5702542,-8.9357556,9.6166408,-8.5453202,-2.1259257,5.2995058,-14.964438,-4.1224166,-3.2510419,-3.7603421,-3.3451264,-3.4675943,-3.3572115,-4.0280364,-4.9313487,23.378069,2.8889316,-12.525716,1.4011572,5.7585814,2.446786,-6.2614715,-19.207964
-8.4403159,0.98539427,0.62142381,3,7,0,9.911809,5.0329014,3.9069089,-0.55522366,0.62662319,0.7780699,0.44263463,1.8956387,0.84167368,-0.59267538,2.3408673,2.8636932,8.0727496,12.438989,2.7173727,7.4810612,6.7622346,8.3212438,14.178457,-5.0310641,-3.2215501,-4.1570788,-3.3926226,-3.5601656,-3.4540377,-3.6899152,-3.8166339,-8.3090252,11.84702,22.209807,-1.8733642,22.031756,18.707016,19.676346,23.871835
-6.9947344,0.35734169,1.1220375,1,3,0,13.185309,5.5745943,1.154533,1.2572118,0.31102213,-0.050182423,-1.3955789,-0.040178554,1.9188427,-1.1838144,-0.10604493,7.0260868,5.5166571,5.5282069,4.2078415,5.9336796,3.9633525,7.7899615,5.4521619,-4.6045555,-3.2523586,-3.8335786,-3.3490493,-3.412928,-3.3531208,-3.7427481,-3.8754742,43.485599,-4.2368601,17.63179,-1.5242892,10.296425,5.9609768,19.857991,1.8885817
-6.9768692,0.99274968,0.28224933,4,15,0,13.084896,3.9267869,4.2573659,-0.75130566,-1.1814586,-1.0054074,-1.136029,0.76494675,1.5253767,1.6053512,0.3623183,0.72820375,-0.35360027,7.1834451,10.761354,-1.1031145,-0.90970431,10.420874,5.4693085,-5.2797684,-3.5704368,-3.8940713,-3.3752957,-3.1162287,-3.3319039,-3.5087394,-3.8751281,14.754214,-8.2005803,31.767343,20.83139,6.880983,9.7935515,-7.5307007,-1.6719033
-9.6238431,0.068669473,0.52373361,3,7,0,16.211568,1.929611,0.88022207,0.043222209,-1.9144739,-0.84278236,-1.2553008,0.28444425,1.1352848,2.2368783,0.46574401,1.9676562,1.1877754,2.1799851,3.8985607,0.24444888,0.82466755,2.9289137,2.3395692,-5.1329508,-3.4535556,-3.743934,-3.3565814,-3.1257227,-3.3169608,-4.3572118,-3.9533287,11.308734,1.0310931,28.492214,7.5972828,2.3585899,10.21867,5.7055176,31.720016
-14.695844,0.99857173,0.055195525,6,63,0,23.102639,-4.3232355,9.5282327,1.3395285,-0.52070338,1.5295768,0.66867036,0.32316252,1.1877838,3.7150563,1.0900145,8.440104,10.250928,-1.2440679,31.074686,-9.2846185,2.0480113,6.9942446,6.0626761,-4.4771877,-3.246857,-3.6975493,-5.7118358,-3.5398354,-3.3213723,-3.8271569,-3.8637112,22.988495,5.4368007,-10.071333,21.508044,-13.157435,-5.8497108,1.933792,-11.405717
-7.9757023,1,0.105095,5,31,0,16.03585,6.2266751,5.5308815,0.079728924,0.50842311,-0.31429532,-0.029684245,0.21621552,0.66513755,-2.879152,0.10432943,6.6676463,4.4883449,7.4225375,-9.6975735,9.038703,6.062495,9.9054721,6.8037088,-4.6382539,-3.2831822,-3.9036938,-4.4689369,-3.7382345,-3.4227382,-3.5491305,-3.8509792,18.076725,12.417615,39.808554,-17.066618,14.03917,-4.4041681,20.617382,17.872855
-6.4565213,0.99013892,0.19957214,5,31,0,14.22411,0.30784807,3.1358846,-0.69943834,-0.50089297,0.56642696,-0.47051827,-0.33977668,0.042895024,2.2802156,-0.13121198,-1.8855098,2.0840976,-0.75765239,7.458341,-1.2628945,-1.1676429,0.44236192,-0.10361755,-5.6117525,-3.3965131,-3.7013478,-3.3177019,-3.1165897,-3.3362498,-4.7628769,-4.0353868,13.429052,-4.7127014,-0.17468745,4.8144811,-1.0486812,4.6189413,-6.6063733,26.936511
-7.8876254,0.97961839,0.3648047,4,15,0,11.297982,8.1963512,2.2441675,1.5155573,0.89483554,-0.86879406,0.091257442,0.82549482,0.46057214,-1.8072706,1.258252,11.597516,6.2466317,10.0489,4.1405332,10.204512,8.4011481,9.2299522,11.020079,-4.2248587,-3.2368951,-4.0240932,-3.3506212,-3.8911081,-3.543185,-3.6060923,-3.8107921,28.226116,-7.9784781,2.9685448,33.787277,14.235934,-0.29294555,-13.076158,1.8717542
-4.9026875,0.90299157,0.64058785,3,7,0,13.792079,3.8207641,2.6082748,-1.5825639,-0.53354191,0.40082798,0.13919457,-0.83872433,0.030999114,0.81025395,0.45507613,-0.30699733,4.8662336,1.6331406,5.934129,2.4291402,4.1838218,3.9016183,5.0077277,-5.4076245,-3.2706261,-3.733453,-3.3215284,-3.1887495,-3.3587211,-4.2153455,-3.8847607,14.885679,-6.31076,3.1659939,15.44874,13.395718,-0.98022865,14.819849,-7.7178065
-4.9026875,2.3967319e-41,0.88753505,1,1,0,12.363162,3.8207641,2.6082748,-1.5825639,-0.53354191,0.40082798,0.13919457,-0.83872433,0.030999114,0.81025395,0.45507613,-0.30699733,4.8662336,1.6331406,5.934129,2.4291402,4.1838218,3.9016183,5.0077277,-5.4076245,-3.2706261,-3.733453,-3.3215284,-3.1887495,-3.3587211,-4.2153455,-3.8847607,19.188483,-10.030619,-7.9488028,26.626845,8.4952076,23.210668,5.4997883,14.474421
-9.377696,0.99734491,0.084761602,5,31,0,12.000358,8.4160463,0.60841585,-0.091910087,1.1280585,-2.0495487,1.3833011,-0.091759886,-1.2962336,-0.46853278,-0.64156241,8.3601267,7.1690683,8.3602181,8.1309835,9.1023749,9.2576686,7.6273972,8.0257095,-4.4841546,-3.2249759,-3.9435869,-3.3221194,-3.7461506,-3.5986069,-3.7594781,-3.8336853,12.512915,12.677348,0.004811959,21.760115,-6.762305,20.119587,16.818332,3.6348286
-6.1902123,0.99997956,0.15680348,4,15,0,11.396506,7.6720978,4.8153772,-0.21286165,0.9632502,-1.3395072,0.95418841,-0.22143516,0.26790274,-0.87998768,-0.39873581,6.6470886,1.2218654,6.6058039,3.4346252,12.310511,12.266875,8.9621505,5.7520344,-4.6402039,-3.4512392,-3.871745,-3.3693623,-4.2098032,-3.8413895,-3.6299372,-3.8695527,6.5276807,-6.7831397,15.930718,12.676881,19.187587,4.3856733,10.246114,8.2971265
-10.521319,0.94246477,0.28942312,4,15,0,13.212762,-1.2465938,0.48372418,-1.0486223,-0.97074646,1.1569141,-1.9046293,-0.052255855,-0.18550884,1.7142362,0.043885019,-1.7538377,-0.68696643,-1.2718712,-0.41737626,-1.7161673,-2.167909,-1.3363289,-1.2253655,-5.5943018,-3.5988406,-3.6973601,-3.5441787,-3.1193291,-3.3583034,-5.0909917,-4.0792336,18.637215,10.182362,15.750444,25.221245,-0.93488178,-5.1873431,-13.679452,-5.2823812
-8.7919732,0.99799701,0.44807012,3,7,0,13.730252,0.53592971,0.32494623,-0.83693428,-1.0511375,1.1656208,-1.4838896,0.041915382,0.56097134,1.3425596,0.3899712,0.26397107,0.91469379,0.54954995,0.9721894,0.19436654,0.05374538,0.71821523,0.66264938,-5.3365161,-3.4725314,-3.7161353,-3.4669764,-3.1249687,-3.3205338,-4.7148241,-4.0076676,-8.944862,-10.38505,2.3767718,13.996519,-13.367722,-4.0348208,3.9700678,-21.365764
-9.9143884,0.55595233,0.80709815,2,7,0,17.096,4.4515379,9.878969,1.2842685,0.30017577,0.861241,0.58623716,-1.6624159,-1.1895113,-1.0180334,-1.0259757,17.138786,12.959711,-11.971417,-5.6055825,7.4169651,10.242957,-7.2996075,-5.6840443,-3.8891353,-3.3445173,-3.8487271,-3.9734483,-3.5534798,-3.6698596,-6.4218743,-4.2919112,11.491027,-7.7248951,-6.4859939,4.1047369,5.3010104,-3.2812886,-3.7781633,-24.927021
-9.4701323,1,0.41151313,4,15,0,15.109404,0.17186681,0.17876394,-0.064709138,0.82226754,0.10090246,-0.85706501,1.8433384,1.1491402,0.97453316,0.61042859,0.16029915,0.18990454,0.50138925,0.3460782,0.3188586,0.018654499,0.37729163,0.28098943,-5.3493197,-3.5265116,-3.715472,-3.499787,-3.1269001,-3.3208133,-4.7743229,-4.0212473,-1.3174676,5.1508519,-24.206472,-10.769041,2.0300031,19.229326,3.1683004,17.193812
-5.4500111,0.98216677,0.73876025,3,7,0,10.091549,8.560801,8.9667924,0.23675261,-0.90247565,-0.13715036,0.18587114,-1.9201196,-0.5751508,-0.37638201,0.18620093,10.683713,7.3310021,-8.6565128,5.1858616,0.46848916,10.227469,3.4035431,10.230426,-4.2933305,-3.2237614,-3.7540197,-3.3304334,-3.1294746,-3.6686775,-4.2868064,-3.8141427,-4.2091749,3.6934316,9.7063229,-6.1261956,9.5524426,25.442659,2.9859667,25.84515
-5.4500111,0.046920253,1.2496637,2,3,0,12.129125,8.560801,8.9667924,0.23675261,-0.90247565,-0.13715036,0.18587114,-1.9201196,-0.5751508,-0.37638201,0.18620093,10.683713,7.3310021,-8.6565128,5.1858616,0.46848916,10.227469,3.4035431,10.230426,-4.2933305,-3.2237614,-3.7540197,-3.3304334,-3.1294746,-3.6686775,-4.2868064,-3.8141427,13.948375,20.956568,-35.70425,2.9265375,-9.1981597,10.433338,36.741472,20.904198
-8.3093013,0.99154999,0.15833279,5,31,0,12.624943,4.4990796,0.28303226,-0.067144702,0.57982018,-2.4134986,0.18776573,0.56491272,-1.1176441,0.037179982,-0.095948049,4.4800755,3.8159816,4.6589681,4.5096027,4.6631874,4.5522233,4.1827502,4.4719232,-4.8562928,-3.3090537,-3.8060972,-3.3424622,-3.3141365,-3.3689755,-4.1761056,-3.896767,-19.64543,6.0463763,-10.647503,5.0757539,15.859637,7.2645238,-5.8205404,14.614307
-8.9832954,0.99733564,0.27593994,4,15,0,11.121537,5.4900212,0.22564408,-0.011555426,0.59760082,-2.5137746,0.067573721,0.30540702,-1.3505687,0.15277441,-0.14999566,5.4874138,4.9228029,5.5589345,5.5244939,5.6248663,5.5052688,5.1852734,5.4561756,-4.7532477,-3.2688693,-3.8346041,-3.3258302,-3.387082,-3.4007076,-4.0426097,-3.8753931,-7.9336932,6.0014462,-19.007501,1.7326813,-3.4163797,11.363928,4.4139891,-2.5674883
-6.1761098,0.78092232,0.48405626,3,15,0,16.731922,0.83222442,2.7048574,0.70629593,0.011728123,1.7199075,0.68241721,-1.1218823,-1.004245,0.24445297,0.032136352,2.7426542,5.4843291,-2.2023073,1.4934349,0.86394732,2.6780657,-1.8841151,0.91914867,-5.0446188,-3.2531666,-3.6927701,-3.4421324,-3.1376094,-3.3284698,-5.1984138,-3.9987937,24.484402,7.4143432,15.799155,8.4015755,1.895037,6.4774982,6.1072423,-5.870305
-7.7756673,0.87713589,0.46967123,3,7,0,12.01098,6.5088794,1.7240796,-2.2454315,-0.48100889,0.52453264,0.44992615,-0.55303434,1.4269932,1.0334456,-0.7506109,2.6375766,7.4132154,5.5554041,8.290622,5.6795818,7.2845879,8.9691293,5.2147664,-5.0564388,-3.2232452,-3.8344861,-3.3237169,-3.3915755,-3.4800406,-3.6293068,-3.8803587,11.182642,-0.94705584,-0.85613599,14.291189,10.661409,19.160631,14.965958,28.357143
-7.0784162,0.91517671,0.58957179,3,7,0,13.878957,5.3158493,1.2400736,-0.62080513,-0.4786981,1.0132372,0.51637232,-0.51540177,0.67162564,1.7609262,-1.6335903,4.5460053,6.5723379,4.6767132,7.4995273,4.7222284,5.956189,6.1487145,3.2900772,-4.8494107,-3.2317147,-3.8066287,-3.3178649,-3.3182859,-3.4183371,-3.9237885,-3.9263824,-5.9025179,1.6994076,15.586118,10.604283,-5.8426927,1.8967947,6.1847642,-34.065604
-5.8566375,1,0.81557341,3,7,0,11.237343,5.904029,3.7474133,0.084207697,0.20757664,-0.72732968,-0.95112251,0.94705405,1.1317871,-0.28075979,1.9945063,6.2195901,3.1784241,9.453032,4.8519061,6.6819045,2.3397799,10.145303,13.378268,-4.6811804,-3.3377616,-3.994414,-3.3359012,-3.4804326,-3.3242512,-3.5300049,-3.8122418,-16.407719,-1.898753,23.72647,-10.129157,2.3917645,-0.58688434,18.267076,-22.449244
-5.8566375,0.21334551,1.4027835,2,3,0,8.7114072,5.904029,3.7474133,0.084207697,0.20757664,-0.72732968,-0.95112251,0.94705405,1.1317871,-0.28075979,1.9945063,6.2195901,3.1784241,9.453032,4.8519061,6.6819045,2.3397799,10.145303,13.378268,-4.6811804,-3.3377616,-3.994414,-3.3359012,-3.4804326,-3.3242512,-3.5300049,-3.8122418,6.2630517,10.774124,29.463557,16.062859,0.56880144,1.8778547,19.198564,-23.923924
-7.6507156,0.95248502,0.30729849,4,15,0,15.127344,11.454923,8.4811768,0.33155033,-1.6328913,1.1181215,-1.3082658,-0.70563965,-0.4484595,0.10113488,-0.91364963,14.26686,20.937909,5.4702683,12.312666,-2.3939169,0.35928925,7.6514587,3.7060989,-4.0460979,-4.0584711,-3.8316551,-3.4334636,-3.128157,-3.3185301,-3.7569852,-3.9154658,18.892195,25.036084,19.484458,8.857123,11.454445,-4.1791185,8.6041204,-7.5118956
-8.4521651,0.81064615,0.46693876,3,7,0,12.188796,13.262869,4.1726495,1.1550479,-1.8568288,0.89322775,-0.86239694,-1.0651751,-0.19536044,-0.10427531,-0.78990846,18.082479,16.989995,8.8182665,12.827765,5.5149731,9.6643887,12.447698,9.9668577,-3.8455604,-3.6256237,-3.964323,-3.4571761,-3.3781685,-3.6270472,-3.3756639,-3.8156894,24.171815,19.85026,9.3314836,6.7543108,1.4634675,4.7821324,8.7816823,-8.3800304
-3.4069979,0.99639409,0.48967716,3,7,0,10.665124,3.0950865,4.5011645,-0.24088363,0.17161635,-1.0366661,-0.32351657,-0.34567435,1.0261198,0.069982289,0.45104369,2.0108297,-1.571118,1.5391494,3.4100883,3.8675599,1.6388852,7.7138205,5.1253083,-5.1279598,-3.6795551,-3.7317692,-3.3700878,-3.2624171,-3.3185205,-3.7505511,-3.8822445,14.320235,4.6346653,-11.24951,-0.45608015,-8.3128745,17.486691,-3.227952,16.631195
-3.4069979,0.058343995,0.82382977,2,3,0,9.5323614,3.0950865,4.5011645,-0.24088363,0.17161635,-1.0366661,-0.32351657,-0.34567435,1.0261198,0.069982289,0.45104369,2.0108297,-1.571118,1.5391494,3.4100883,3.8675599,1.6388852,7.7138205,5.1253083,-5.1279598,-3.6795551,-3.7317692,-3.3700878,-3.2624171,-3.3185205,-3.7505511,-3.8822445,-5.0272769,9.8184554,-1.2235058,-4.914094,20.703609,17.47058,22.094073,-30.558405
-5.448293,0.98837194,0.1281479,5,31,0,8.4975363,8.0164684,4.0128748,-0.14437381,0.20475806,-0.93877671,1.2235328,-0.308861,-0.75039561,0.22095086,-0.59541324,7.4371143,4.249275,6.7770478,8.9031165,8.8381368,12.926352,5.0052247,5.6271496,-4.566616,-3.2918633,-3.8782278,-3.3318001,-3.7136257,-3.9045937,-4.0658446,-3.871985,-19.78126,-2.0958233,33.520518,14.498823,18.579837,4.3368667,5.0266339,-14.322243
-9.0635295,0.96086122,0.21173078,4,15,0,13.893917,7.4784353,3.6203465,0.61664935,1.1590124,-1.4034073,1.4634944,-0.45999057,-0.024561027,1.8789942,1.1154858,9.7109196,2.3976145,5.81311,14.281045,11.674462,12.776792,7.3895159,11.51688,-4.3703009,-3.3784572,-3.8432282,-3.5358984,-4.1077803,-3.8899447,-3.7844355,-3.8096705,-1.4880517,4.1742289,15.297853,-0.24818295,19.983905,-4.2601777,10.799866,27.662104
-8.0930818,0.86063158,0.32420459,3,7,0,15.635778,9.6207086,0.91488417,0.88693472,1.0463629,-0.24398976,1.0893483,0.79541296,-0.16949427,1.3892761,1.0745719,10.432151,9.3974862,10.348419,10.891735,10.578009,10.617336,9.465641,10.603817,-4.3128317,-3.2312885,-4.0395357,-3.3794189,-3.9436341,-3.6990369,-3.5857,-3.8123185,22.699215,5.8832995,36.437145,24.269938,11.883513,4.1223019,8.4167387,19.186745
-5.5770161,0.97113848,0.38495285,3,7,0,12.921373,11.106714,2.3485148,0.043022339,-0.90528547,-0.075713439,-0.75348794,-0.3969013,1.2903528,0.27920162,-0.26117663,11.207753,10.9289,10.174586,11.762423,8.9806378,9.3371365,14.137127,10.493337,-4.25361,-3.2644159,-4.0305306,-3.4105556,-3.731059,-3.6040563,-3.2961326,-3.8128134,28.16752,7.5891774,-16.850962,4.2201862,2.4926842,11.372154,9.1542445,8.2161036
-6.7482664,0.36116655,0.59812153,2,3,0,8.506762,12.862604,5.378537,-0.1719538,-1.5223246,0.26108378,-0.49224447,-0.18119878,1.4243866,0.12109828,-0.22952719,11.937744,14.266852,11.888019,13.513935,4.6747244,10.215049,20.523719,11.628083,-4.2003133,-3.4178908,-4.1244435,-3.49217,-3.314944,-3.667731,-3.2533694,-3.8095238,18.162985,27.83047,40.976675,-2.9957169,1.1675342,4.7246323,-7.2205905,-4.9089855
-8.5179083,0.98399328,0.2085531,5,31,0,13.327683,-3.025169,2.7328576,-1.0110543,0.97082958,0.77050896,1.4610969,0.1340206,-0.73379282,0.017283028,0.59274754,-5.7882363,-0.91947769,-2.6589098,-2.9779369,-0.37202995,0.96780092,-5.0305203,-1.4052743,-6.1639774,-3.619309,-3.6917545,-3.7282356,-3.1185973,-3.3168381,-5.8735479,-4.0866272,-8.1984287,18.453502,5.1757623,-2.2012845,-0.1793905,0.19476813,-4.4459139,-4.2157335
-5.2923672,0.99628639,0.33359319,3,7,0,10.442679,-0.95526297,2.7614609,0.068887994,0.75398223,0.030712686,1.308303,0.32089674,-0.14670529,-0.30062224,0.3838576,-0.76503147,-0.87045109,-0.069119154,-1.7854195,1.1268295,2.6575646,-1.3603839,0.10474478,-5.4657155,-3.6149481,-3.7083047,-3.6357743,-3.1440854,-3.3281872,-5.0956459,-4.02767,2.4259978,5.291566,-24.888093,-6.9190616,1.3623917,8.779832,12.271875,-19.374541
-8.4115577,0.87427919,0.54599153,3,7,0,10.065492,11.512122,3.2231165,0.21082648,-0.91089689,0.81051936,-1.7646841,-0.52966095,0.38282127,1.6695281,-0.85993491,12.19164,14.12452,9.8049627,16.893205,8.5761949,5.8243394,12.745999,8.7404513,-4.1823315,-3.4090723,-4.0117754,-3.7212781,-3.6822342,-3.4130084,-3.3595462,-3.8257064,29.747983,11.215747,-13.470709,13.162872,7.9646803,11.973477,20.733393,-2.7708131
-6.5821574,0.34390023,0.66312559,2,3,0,11.684476,10.620526,1.377338,0.50877651,-1.2214008,0.27535081,-0.76777517,-0.25444823,1.1066322,0.91772666,-0.45489392,11.321283,10.999777,10.270065,11.884545,8.938244,9.5630398,12.144732,9.9939831,-4.2451656,-3.2665169,-4.035462,-3.4154238,-3.7258464,-3.6198324,-3.3929444,-3.8155203,-12.630089,16.203833,19.76885,4.5459464,9.6333998,11.590744,-8.2268341,24.004256
-4.4667264,1,0.2281693,4,15,0,8.5662514,8.361869,4.5358095,-0.062667003,-0.36383716,0.61292481,-0.98751932,1.0193974,0.9699013,0.16093572,-0.60544209,8.0776234,11.141979,12.985662,9.0918428,6.711573,3.8826695,12.761156,5.6156991,-4.5089912,-3.2708838,-4.1906315,-3.3349156,-3.4832517,-3.3511718,-3.358751,-3.8722104,19.34959,20.283892,18.788388,-0.7725998,13.029402,-5.8064404,11.868308,-2.1410309
-6.0718984,0.96824218,0.37384382,3,15,0,8.5840487,1.5310833,1.0535103,-0.6608868,0.19002066,0.24536379,0.48991305,-0.47411411,-0.66960539,0.86551501,1.6385388,0.83483226,1.7895766,1.0315992,2.4429123,1.731272,2.0472118,0.82564714,3.2573008,-5.2668695,-3.4143704,-3.7232729,-3.4026481,-3.1622115,-3.3213654,-4.6963156,-3.9272652,-29.40393,-4.5219283,12.631557,-9.804261,7.7443612,14.105571,6.0310145,38.644035
-6.8436532,0.17563601,0.5648695,3,7,0,11.261843,2.519147,3.9790605,-0.32862122,0.33268009,0.79362993,0.89706718,-0.20616185,-1.625212,1.0727518,0.99055552,1.2115433,5.6770485,1.6988165,6.7876913,3.8429012,6.0886316,-3.9476699,6.4606273,-5.221703,-3.2485041,-3.7346501,-3.3170201,-3.260939,-3.4238345,-5.6300247,-3.8566631,-22.866211,6.5410792,13.065193,25.740079,-7.2379805,8.762965,-23.750153,6.3471567
-3.0005257,0.99893482,0.13430812,4,31,0,9.7480174,4.8480778,3.7521873,0.31758406,-0.33841992,-0.37610159,0.27927907,0.56278888,-0.57585727,0.039393366,0.12560653,6.0397127,3.4368742,6.9597671,4.9958891,3.5782629,5.8959852,2.6873535,5.3193771,-4.6986648,-3.3256342,-3.8852713,-3.3334307,-3.2455489,-3.4158862,-4.3939093,-3.8781849,7.8678752,5.2074126,4.0441043,-6.7496567,-1.0795481,-11.641281,7.3055157,28.257339
-3.0596066,0.99721062,0.21809012,4,31,0,4.0767533,4.7248377,7.6424895,0.12530535,-0.0034149906,0.89983879,-0.79646567,-0.89508158,1.2079043,0.16455367,-0.021652706,5.6824825,11.601846,-2.1158139,5.9824374,4.6987387,-1.3621428,13.956233,4.5593571,-4.7338145,-3.2863901,-3.6930542,-3.3211125,-3.3166299,-3.3398905,-3.3032839,-3.8947473,46.414933,28.185405,17.581645,-8.6291538,28.812306,-5.7552612,20.784314,31.555031
-4.5197637,0.93984736,0.35051664,4,15,0,7.4861924,7.9159177,5.5075294,0.28918073,0.24458529,1.0670806,0.27308579,-1.1165947,0.80238533,-0.13294097,-0.84004994,9.508589,13.792896,1.7662396,7.1837414,9.2629783,9.4199457,12.335078,3.289318,-4.3868382,-3.3893118,-3.7358965,-3.3169733,-3.7663404,-3.6097904,-3.3819803,-3.9264029,20.441421,5.7430507,5.0179047,-0.34839355,14.711914,0.14573424,21.159435,14.233055
-9.6305743,0.75974667,0.49123089,2,7,0,12.327818,-2.322015,2.6649884,0.2635737,0.1494692,2.1304358,2.1963881,-0.24648178,1.2181252,-0.8044619,-0.1252877,-1.6195941,3.3555716,-2.9788861,-4.4658966,-1.9236813,3.5313336,0.92427442,-2.6559052,-5.5765895,-3.3293772,-3.6915281,-3.860085,-3.1214297,-3.3433117,-4.6794256,-4.1407849,31.831289,10.759546,35.791305,-9.8985366,-4.8313298,24.115581,8.6357525,-0.16599596
-5.9035569,0.99818985,0.45564226,3,15,0,13.585876,-0.93472759,4.9192684,0.39524081,-0.86310792,-0.10520039,0.46351915,1.5856262,0.26409887,-0.16354217,-0.74088194,1.009568,-1.4522365,6.865393,-1.7392354,-5.1805871,1.3454475,0.36444561,-4.5793247,-5.2458408,-3.6682475,-3.8816171,-3.6324298,-3.2240477,-3.3173269,-4.7765875,-4.2334986,-5.7993621,-5.4198269,2.0538749,4.8145825,4.0650877,-5.6179134,-12.18792,19.037381
-5.5908438,0.14629452,0.7239514,3,7,0,12.377294,-2.7303699,5.3182248,0.97995163,0.57666769,0.0037115288,-0.82986015,0.55153132,0.99891586,0.68019998,-0.74261932,2.4812331,-2.7106311,0.20279763,0.88708653,0.33647854,-7.1437527,2.5820892,-6.6797863,-5.0741164,-3.7951117,-3.7115622,-3.4712458,-3.1271889,-3.5908863,-4.4100835,-4.3477893,-7.3081382,16.668607,28.969442,20.526963,-4.7182111,-16.081607,5.300095,-17.750766
-5.3051106,0.99463091,0.16966414,5,31,0,9.5461175,10.238215,3.3546966,0.029602056,-1.1140337,0.36991149,0.74830013,0.074572037,-0.10195301,-0.61743296,1.0143807,10.337521,11.479156,10.488382,8.166915,6.5009703,12.748535,9.8961938,13.641155,-4.3202402,-3.2820463,-4.0468719,-3.3224606,-3.4634752,-3.8871978,-3.549882,-3.8134668,-13.565088,-0.57263324,18.039054,14.064462,10.2971,7.2936203,9.0606845,-0.65027698
-4.994655,0.99792258,0.26749761,4,15,0,7.3899011,3.7485132,5.8474293,0.51479802,-0.44911726,-1.1725551,-1.457917,0.77272346,0.39107514,0.47837943,-0.60179021,6.7587582,-3.1079198,8.266959,6.5458031,1.1223318,-4.7765534,6.0352974,0.22958748,-4.629634,-3.838453,-3.9394655,-3.3176863,-3.1439674,-3.4547205,-3.9372942,-4.0231106,3.1286519,4.1521599,6.5204906,-14.909983,-2.5575666,-6.2692349,5.2805247,19.054589
-6.5942144,0.15858315,0.42248014,3,15,0,13.290182,8.3623177,0.62159701,-0.49027672,-0.80571025,-0.12512544,-0.26758988,1.3604656,0.72890592,1.1424295,-0.27174517,8.0575631,8.2845401,9.207979,9.0724484,7.8614906,8.1959846,8.8154034,8.1934017,-4.5107683,-3.2219284,-3.9826108,-3.3345819,-3.6008916,-3.5308098,-3.6433077,-3.8316717,0.30015448,19.766893,29.584094,-2.2289576,16.957244,16.715017,4.0587679,10.650022
-6.1691456,0.99799009,0.10469789,5,63,0,12.035498,4.3613677,5.1197063,0.94286705,0.70207919,0.071249625,1.1302771,-1.7495313,-0.86982243,0.24345314,-0.08241529,9.1885701,4.7261449,-4.5957188,5.6077763,7.955807,10.148055,-0.091867622,3.9394257,-4.4133663,-3.2751143,-3.6965005,-3.3248433,-3.6112648,-3.6626475,-4.858102,-3.909577,13.944336,1.8979691,-3.6655444,0.085208821,12.457562,6.7615085,12.533506,-10.492844
-5.1982056,0.98803359,0.16537217,4,31,0,9.1802364,2.5581411,1.3655171,0.16067992,-0.60254102,-0.14097956,-1.4591642,0.41604899,1.2834036,-0.49800941,-0.4668207,2.7775523,2.3656311,3.1262631,1.8781008,1.7353611,0.56562742,4.3106507,1.9206895,-5.040704,-3.3802542,-3.7648302,-3.4252382,-3.1623495,-3.3176135,-4.158515,-3.9660888,-1.7898517,20.384434,26.150678,-11.603062,1.3974747,16.018667,8.2193589,13.566919
-5.1924377,0.98877931,0.2542371,4,15,0,10.457676,3.6199934,2.1039999,0.55659953,0.4886771,0.2522898,0.44028937,0.8057612,-0.68862987,1.2476044,1.2709969,4.7910788,4.1508111,5.3153149,6.244953,4.64817,4.5463622,2.1711162,6.2941708,-4.8239977,-3.2956049,-3.826575,-3.3191896,-3.313088,-3.3688036,-4.4742914,-3.8595518,-1.0005117,-3.0790692,32.485636,-4.4708525,10.817377,0.42585532,-10.265616,13.229381
-7.1972941,0.96712626,0.38952532,4,15,0,10.057147,-0.52453307,5.9486567,-1.2575377,0.36211816,0.93306271,1.1845383,0.89150318,1.2402249,-0.7187998,0.50240912,-8.0051933,5.0259367,4.7787133,-4.8004263,1.6295835,6.5218787,6.8531388,2.4641263,-6.5078197,-3.2657489,-3.8097077,-3.8922473,-3.1588465,-3.4428303,-3.8427862,-3.9496388,-2.8087029,18.866268,9.5626016,-3.3242629,-1.0220602,13.715768,11.40796,-14.655015
-7.7428876,0.58170153,0.56686555,3,7,0,12.084333,0.71838039,8.6489676,-1.3950166,1.0211406,0.45405255,1.3468779,0.31603759,0.94037268,0.18830909,0.44538672,-11.347073,4.6454662,3.4517793,2.3470596,9.550192,12.367484,8.8516332,4.5705157,-7.0674158,-3.2777881,-3.772827,-3.406296,-3.8032406,-3.8507994,-3.6399867,-3.8944912,-14.211989,32.559275,14.948437,-2.2490333,22.620212,32.137966,5.4414866,4.7558335
-10.93238,1,0.36033636,4,15,0,14.177407,5.2516096,0.120085,1.4932325,-0.4858092,-1.7847414,-0.93877735,-1.5025421,-1.5003725,0.21886765,-0.60951203,5.4309244,5.037289,5.0711769,5.2778923,5.1932712,5.1388765,5.0714374,5.1784164,-4.7589069,-3.2654119,-3.8187614,-3.3290886,-3.3529323,-3.3876202,-4.0572623,-3.881122,33.180947,2.9138425,-11.264789,-10.98752,8.7561897,12.988542,4.5985758,1.2921752
-7.3350907,0.56059473,0.56016761,2,7,0,16.079817,5.2929126,0.6461032,1.0565406,-1.6177895,-1.0481401,1.4712581,-0.45227971,0.5174654,0.0084777889,-0.61284742,5.9755468,4.6157059,5.0006932,5.2983901,4.2476536,6.2434971,5.6272486,4.8969499,-4.7049366,-3.2787909,-3.8165489,-3.3287986,-3.28615,-3.4304465,-3.9869485,-3.8871704,9.151857,7.3685315,9.5057543,10.645215,4.902071,15.075306,2.2236682,12.622613
-7.081919,0.99326547,0.3422142,3,7,0,11.172465,7.867376,15.860066,1.4055656,-0.13354242,1.5391067,0.096814407,-0.61652534,0.52346731,-0.021165457,0.49017355,30.159739,32.277709,-1.9107562,7.5316905,5.7493846,9.4028589,16.169602,15.641561,-3.6373542,-6.1685593,-3.6938445,-3.318002,-3.3973618,-3.6086026,-3.2382754,-3.8297747,23.686605,44.468508,-14.884631,13.426211,11.466096,8.4938934,31.544685,-4.9605778
-8.0180626,0.16610412,0.52207024,3,7,0,13.14308,1.6438619,0.18526219,-1.1525189,-0.23913426,-1.7401853,-0.81506105,-0.4148795,-0.23775109,0.048308262,-0.48073866,1.4303437,1.3214714,1.5670004,1.6528116,1.5995594,1.4928619,1.5998156,1.5547992,-5.195759,-3.4445373,-3.7322645,-3.4349843,-3.1578774,-3.3178376,-4.5663539,-3.9776779,28.498917,1.8694174,18.334112,7.1950021,-1.3806732,-20.129944,-3.5619897,8.6529988
-4.6565861,0.99887639,0.14053034,5,31,0,10.087502,5.1536917,5.4170733,-0.084003578,0.87611935,1.4865651,0.49752817,0.41854096,0.60533712,0.25176433,0.56141072,4.6986382,13.206524,7.4209588,6.5175175,9.8996945,7.8488383,8.4328473,8.1948948,-4.833552,-3.3570631,-3.9036296,-3.3177957,-3.8495171,-3.5106627,-3.6791757,-3.8316542,17.646975,39.264624,13.777982,-16.626026,2.2046813,13.449855,3.7162165,3.9556523
-5.8866764,0.96031272,0.216923,4,15,0,15.95286,5.405552,5.8054275,0.31757587,-0.586531,0.2571371,-0.25098234,-1.2421866,-0.45114047,1.3810182,-1.6207337,7.2492157,6.8983428,-1.8058726,13.422953,2.0004887,3.9484922,2.7864887,-4.0035,-4.5838666,-3.2275919,-3.6943123,-3.4873062,-3.1717368,-3.3527578,-4.3787783,-4.2045449,25.696717,6.9196293,-11.546034,9.8928722,8.9057131,-8.9993002,0.75899676,19.320811
-6.280443,0.97433205,0.30771859,4,15,0,11.392349,7.0111089,1.4732456,-1.5141885,-0.27867483,0.59739338,0.11805337,-0.43522885,1.7961744,-0.70061795,-0.052973026,4.7803374,7.8912161,6.3699099,5.9789266,6.6005525,7.1850305,9.6573149,6.9330666,-4.8251059,-3.2215828,-3.8630023,-3.321142,-3.4727582,-3.4749107,-3.5695256,-3.8489304,6.3954919,1.8421615,25.297648,-6.057853,20.997101,14.773297,-2.270407,10.301077
-13.742422,0.83132988,0.44762886,3,7,0,16.620089,1.4369606,3.2730506,3.6087813,0.5426639,0.5185082,-1.7331283,1.712814,-1.3996341,0.78757177,-0.0827569,13.248684,3.1340642,7.0430876,4.0147229,3.213127,-4.2356562,-3.1441127,1.1660931,-4.1105472,-3.3399103,-3.8885265,-3.3536598,-3.2257337,-3.4301069,-5.4568911,-3.9904423,8.8862549,-1.6487526,12.819863,-2.6224125,-5.3663939,1.0225681,-10.486418,7.0362283
-14.224255,0.99030757,0.48391474,3,7,0,18.458431,9.0324631,2.6631799,-3.2054742,-0.72985845,-0.21633924,1.5508543,-1.5939454,2.2046364,-0.45834974,0.14260831,0.49570883,8.4563128,4.7874997,7.8117953,7.0887188,13.162667,14.903806,9.4122547,-5.3080688,-3.2225647,-3.8099748,-3.319557,-3.5200358,-3.9281167,-3.2694557,-3.8196443,2.898639,-6.6897969,7.8122456,19.987837,4.8571167,22.70233,11.53131,13.707639
-7.8745314,0.757738,0.7226629,3,7,0,18.527754,3.7793854,1.6687132,0.91271057,1.8771641,0.84025703,-0.68402005,-0.99065094,1.0267662,-1.1241955,1.4173562,5.3024376,5.1815334,2.1262731,1.9034256,6.9118341,2.6379521,5.4927637,6.1445464,-4.7718317,-3.2612424,-3.7428528,-3.4241688,-3.5025651,-3.3279201,-4.0036784,-3.8622213,-5.0119754,8.5733996,15.483592,23.717262,11.438242,10.591556,4.9039312,12.696089
-3.6677299,1,0.67071682,2,3,0,8.669086,1.746482,1.8263324,-0.076605909,-0.30056462,0.39215848,-0.79696284,-0.7513985,0.23069881,0.0078030433,0.37027364,1.6065742,2.4626938,0.37417861,1.760733,1.1975511,0.29096299,2.1678147,2.4227248,-5.1750175,-3.3748324,-3.7137637,-3.4302632,-3.1459732,-3.3189112,-4.4748141,-3.95086,27.411353,4.6413228,-6.8144121,7.2937951,-10.581045,3.1720032,18.474793,-31.52353
-7.5068439,0.37436077,1.0155112,2,3,0,10.825258,4.2258224,0.84136925,-0.82819009,0.05026991,-0.56488088,0.65643058,0.31110996,2.3141119,1.2455253,0.58980464,3.5290087,3.750549,4.4875807,5.2737691,4.2681179,4.7781229,6.172845,4.7220658,-4.9577208,-3.3118128,-3.801027,-3.3291473,-3.2874783,-3.3758182,-3.9209316,-3.8910515,18.177652,4.5857772,-21.764157,0.035445978,6.2233211,-15.1805,17.59399,-24.323103
-5.8662656,0.97928511,0.43614873,3,7,0,10.658593,3.8555661,4.8373645,1.6759091,0.94885791,-0.87577061,0.91080109,0.45270343,1.7183372,-0.29757654,0.01391875,11.962549,-0.38085555,6.0454576,2.4160799,8.4455376,8.2614429,12.167789,3.9228962,-4.1985439,-3.5727173,-3.8513325,-3.4036616,-3.6668926,-3.5347204,-3.391597,-3.9099887,6.3612739,1.1458207,13.312369,2.6011666,4.9641784,1.8920321,6.0106236,-10.627165
-6.6073605,0.36529936,0.63228145,2,7,0,10.840725,-0.20158353,2.1897215,0.94750458,-0.38256022,0.63174557,1.12755,-1.0590218,1.8774556,0.94556821,0.15793961,1.8731876,1.1817633,-2.5205464,1.8689475,-1.0392839,2.267437,3.9095214,0.14426022,-5.1439006,-3.4539654,-3.6919762,-3.425626,-3.1161726,-3.3234718,-4.2142316,-4.0262217,-11.985751,5.3149368,16.004957,11.909697,-3.599469,16.336561,15.424793,6.9158942
-7.1609543,0.99832622,0.26951942,4,15,0,9.557949,2.3278434,1.9091914,0.59707308,-1.2917995,0.53220099,1.3425402,-1.3430758,1.7121779,0.94677267,-0.60037926,3.4677702,3.343917,-0.23634536,4.1354136,-0.13844901,4.8910096,5.5967187,1.1816045,-4.9643894,-3.3299192,-3.7064448,-3.3507423,-3.120745,-3.3793956,-3.9907306,-3.989924,-17.9784,-2.9557732,-6.0659666,11.536306,9.3714914,-6.2572496,9.7045796,1.5202186
-8.4122582,0.9641542,0.40515465,3,15,0,13.831839,3.6303968,1.7751352,1.7183883,1.07136,2.3632646,-0.61624097,-0.29073588,0.9259545,1.249814,0.32868377,6.6807684,7.8255111,3.1143013,5.8489858,5.5322057,2.5364858,5.2740913,4.213855,-4.6370101,-3.2216759,-3.7645442,-3.3223083,-3.3795564,-3.3265891,-4.0312674,-3.9028659,32.399641,0.72435062,-28.572305,17.136089,-12.975609,15.22673,12.083346,3.0109291
-5.61244,0.96223192,0.56717108,3,7,0,11.578888,0.98883651,12.851019,0.63839556,-0.013290774,-0.027258434,-0.71472521,-2.0924096,1.0870123,0.63141345,0.51623305,9.1928699,0.63853785,-25.900759,9.1031427,0.81803651,-8.1961108,14.958052,7.6229572,-4.4130068,-3.4924793,-4.7158334,-3.3351115,-3.1365659,-3.6662902,-3.2677909,-3.8388759,22.577465,9.6522742,-2.1727673,6.6600657,1.6699196,15.509291,17.696497,-5.4784798
-5.61244,0.025528833,0.78842768,2,3,0,11.184541,0.98883651,12.851019,0.63839556,-0.013290774,-0.027258434,-0.71472521,-2.0924096,1.0870123,0.63141345,0.51623305,9.1928699,0.63853785,-25.900759,9.1031427,0.81803651,-8.1961108,14.958052,7.6229572,-4.4130068,-3.4924793,-4.7158334,-3.3351115,-3.1365659,-3.6662902,-3.2677909,-3.8388759,-1.0215819,-5.7547358,0.50012672,8.6032216,0.14675068,0.7845528,0.38383615,16.573962
-8.0052697,0.95533668,0.17585776,5,31,0,11.020966,8.7312083,1.2654182,-0.33225562,0.37094725,0.56052482,1.0062545,2.3535543,-0.48668313,-0.17629414,-0.58052524,8.310766,9.4405066,11.709439,8.5081225,9.2006117,10.004541,8.1153506,7.9966011,-4.4884686,-3.2318989,-4.1141202,-3.3262323,-3.7584624,-3.6518824,-3.7100551,-3.8340436,8.4376772,14.818579,0.34780108,22.517577,12.161766,20.046596,-9.3530642,32.437859
-8.0309856,0.99102956,0.24176107,4,15,0,12.805575,2.0761948,2.0487668,-1.337545,1.8799921,-0.33490678,-0.018103487,0.95973225,-0.4887922,-0.77647315,-1.1201908,-0.66412291,1.3900489,4.0424624,0.48538238,5.9278601,2.039105,1.0747736,-0.218815,-5.4528375,-3.4399809,-3.788395,-3.4922067,-3.4124301,-3.3212955,-4.6538401,-4.0397107,-1.5810551,1.4935572,10.719727,-1.3827303,-4.0428923,-7.9688915,8.8761284,22.622933
-8.3071801,0.91876907,0.35502036,3,15,0,15.794858,3.07677,0.86407586,1.3257195,0.35403961,-0.85868354,-0.58231745,1.3106304,1.5706163,-1.6649703,0.61558974,4.2222922,2.3348023,4.2092541,1.6381093,3.3826871,2.5736035,4.4339016,3.6086862,-4.8833874,-3.381996,-3.7930377,-3.4356349,-3.2347307,-3.3270662,-4.1417188,-3.9179741,-8.037685,-6.731069,24.725099,9.1963695,13.228376,-0.67005109,4.0441602,-8.2047261
-8.4510654,0.55999812,0.45207736,3,7,0,14.37665,1.1141526,4.4526107,2.4282323,-1.1699202,-1.606729,-0.21198458,0.50616519,0.59838662,-1.0016148,0.83354604,11.926126,-6.0399864,3.3679092,-3.3456483,-4.0950468,0.17026774,3.7785353,4.8256086,-4.201143,-4.2071297,-3.770727,-3.7591166,-3.1752947,-3.3196787,-4.2327739,-3.8887422,-4.1135125,-14.045587,4.4939611,-0.79867365,6.4109464,-8.7905876,3.1450894,24.612496
-3.4389688,0.99282185,0.2890021,3,7,0,9.9707247,5.6071073,4.8566535,1.2775947,-0.38477004,-0.36136483,0.70444797,0.59992973,1.0616871,-0.35540234,-0.11505279,11.811942,3.8520836,8.5207582,3.8810413,3.7384126,9.028367,10.763354,5.0483358,-4.2093292,-3.3075497,-3.9507614,-3.3570318,-3.2547591,-3.5831754,-3.4833689,-3.8838869,0.81427991,-2.4705313,21.247714,2.6120011,16.003873,27.205464,15.33397,0.34925325
-3.8340493,0.98986175,0.42321621,3,15,0,7.1523218,5.6179721,4.4655538,0.13760474,-0.37164271,0.63781414,-1.5962536,-0.98551801,0.25697388,-0.22088625,0.33493327,6.2324535,8.4661655,1.2170885,4.6315927,3.9583816,-1.5101844,6.7655028,7.1136347,-4.6799356,-3.2226102,-3.7262613,-3.340013,-3.2679258,-3.3428711,-3.8525933,-3.8461568,9.8698029,9.6071185,-10.904325,9.8144666,-3.6576345,0.13444613,-5.5586572,-2.9655677
-9.4434302,0.72446126,0.61416284,3,7,0,11.71417,0.56353581,1.2992401,0.76353132,0.06540504,-1.7634363,2.4188321,0.64267026,-0.81674067,-0.43151961,0.010400929,1.5555463,-1.7275913,1.3985187,0.0028882513,0.64851266,3.7061793,-0.49760638,0.57704911,-5.181009,-3.6946538,-3.7293143,-3.5191461,-3.1329384,-3.3470958,-4.9323308,-4.0106742,16.957837,0.22718341,-25.594094,-15.538132,3.5662933,-2.6720328,-1.2614199,5.4819977
-5.4949576,0.9927768,0.53805443,3,7,0,12.398306,4.2327769,11.381525,0.89547924,-0.46832089,-0.070876734,-0.82802991,0.783893,2.1590772,-0.11338248,0.897909,14.424697,3.4260916,13.154675,2.9423113,-1.0974291,-5.1914664,28.806369,14.452351,-4.0365195,-3.3261268,-4.2012412,-3.3848703,-3.1162217,-3.4752398,-3.8054117,-3.8185912,-8.0981559,4.3265894,-22.292874,1.1648439,-13.497956,-10.794868,27.666525,0.74321421
-6.394507,0.7061095,0.78164527,3,7,0,9.9661905,4.3453513,0.97011803,-0.34360154,0.27639585,0.76153138,0.81874591,0.36274782,-1.8607571,0.2511932,-0.85584411,4.0120172,5.0841266,4.6972595,4.5890383,4.6134879,5.1396314,2.5401973,3.5150815,-4.9057072,-3.2640352,-3.8072456,-3.3408534,-3.310677,-3.387646,-4.4165511,-3.9204119,-1.9739165,-0.38743524,-16.557146,15.190004,23.863828,3.7348928,8.0926345,21.345778
-5.4276548,0.89904619,0.6616625,3,7,0,10.590178,4.5789034,11.008232,0.21280077,-0.35831408,-0.55110251,-0.7258187,0.73102884,2.0846788,-0.17860971,0.5167739,6.9214637,-1.487761,12.626239,2.6127262,0.63449874,-3.4110774,27.527531,10.26767,-4.6143325,-3.6716117,-4.16844,-3.3963717,-3.1326544,-3.3972371,-3.6753929,-3.8139414,-7.3478622,12.241861,15.338326,5.3491181,-4.3441363,24.124609,18.912723,-0.98928999
-5.4276548,0.10271214,0.8037086,2,3,0,11.27785,4.5789034,11.008232,0.21280077,-0.35831408,-0.55110251,-0.7258187,0.73102884,2.0846788,-0.17860971,0.5167739,6.9214637,-1.487761,12.626239,2.6127262,0.63449874,-3.4110774,27.527531,10.26767,-4.6143325,-3.6716117,-4.16844,-3.3963717,-3.1326544,-3.3972371,-3.6753929,-3.8139414,5.7739585,-0.2003161,6.6955811,-11.816915,-16.400626,5.6269977,30.253758,43.63885
-7.6456908,0.94339324,0.22220447,4,15,0,10.492581,0.7226652,0.72529087,0.93455659,0.15920609,0.36646103,0.65331609,-0.14394225,-1.6472743,-1.5437787,-0.12791838,1.4004906,0.98845604,0.6182652,-0.39702342,0.83813593,1.1965094,-0.4720878,0.62988717,-5.1992863,-3.4673324,-3.7170973,-3.5429328,-3.1370196,-3.3169934,-4.9276138,-4.0088156,-13.166044,-0.59495431,-12.898211,2.9236667,-2.1000481,1.2966632,23.163396,13.143404
-9.9195542,0.99260476,0.29381605,4,15,0,16.958077,-1.6170981,2.8634204,0.36593491,0.47348169,-0.29157663,-0.26630243,0.4204462,3.3165949,1.7438398,0.15527122,-0.56927261,-2.4520046,-0.41318386,3.3762483,-0.26132098,-2.3796339,7.8797072,-1.1724913,-5.4407739,-3.7677456,-3.7045968,-3.3710965,-3.1195313,-3.3640318,-3.7336253,-4.0770796,-8.5700145,10.922816,-16.281901,-12.26352,-5.2657656,-17.681228,2.5927858,6.5200625
-9.9549393,0.78901059,0.42432542,4,15,0,12.203458,-1.0353843,6.5752047,0.078934407,-0.014001209,-0.97415572,-0.76911083,0.45582474,3.1963795,1.5845421,-0.038629965,-0.51637443,-7.4406576,1.9617566,9.3833045,-1.1274451,-6.0924455,19.981465,-1.2893842,-5.4340634,-4.4135932,-3.7396113,-3.3403055,-3.1162634,-3.5246965,-3.2411546,-4.0818531,-13.812588,-3.32539,32.333081,31.01138,-14.181288,8.2777685,9.3306016,-6.079813
-9.8387427,0.50451263,0.42060633,3,7,0,16.150891,-0.37976355,1.9658609,0.74492114,-0.10823621,0.17402305,-1.0315063,0.52550003,2.592514,1.1256353,2.1457583,1.0846478,-0.03765844,0.65329638,1.8330789,-0.59254087,-2.4075614,4.7167582,3.8384987,-5.2368469,-3.5445434,-3.7175948,-3.4271523,-3.1171879,-3.3648151,-4.1037462,-3.9121037,-9.8352006,-14.439046,-7.5137433,-5.7884691,7.5756705,19.219362,10.803206,-3.903183
-7.5722307,0.99451981,0.24802369,4,15,0,15.246617,6.2952555,0.92310969,0.34363963,-0.29738257,0.49687796,0.93237617,-1.8456867,-1.3679388,-0.80884947,-1.0230447,6.6124726,6.7539284,4.5914843,5.5485987,6.0207388,7.155941,5.032498,5.3508731,-4.6434917,-3.2292871,-3.8040871,-3.3255386,-3.4204271,-3.4734272,-4.0623042,-3.877537,-4.4086532,12.412346,36.167905,4.9036906,-8.6735905,-2.0821501,2.8940449,25.274838
-7.8276059,0.96682049,0.35800942,3,15,0,13.081236,3.6332586,4.8597832,1.1877321,0.77332067,0.95411933,1.9366233,-0.52002523,-1.2921764,0.43209659,0.22915528,9.4053793,8.2700717,1.1060488,5.7331544,7.3914294,13.044828,-2.6464385,4.7469036,-4.3953441,-3.2218883,-3.7244562,-3.3234656,-3.5508303,-3.9163292,-5.3529007,-3.8904946,12.516693,1.4795565,-3.852845,-0.50310101,-0.038598284,24.556754,-1.0232629,24.916775
-4.3484646,1,0.48999738,3,7,0,9.63518,6.4228509,2.4618963,0.69799542,0.94239395,0.92807844,0.52542114,-1.018341,0.23730771,0.088051028,-0.045161136,8.1412432,8.7076838,3.9158009,6.6396234,8.7429271,7.7163832,7.0070779,6.3116689,-4.503367,-3.2240277,-3.7849419,-3.3173705,-3.7021176,-3.503238,-3.8257453,-3.8592441,12.325704,3.0050427,-7.682525,-5.5564643,11.872129,1.6328489,-6.0102665,-5.5393709
-8.0931674,0.44604871,0.71016833,2,7,0,11.52604,14.441602,5.2646362,0.079404942,-0.30129924,-0.013378841,-0.39219096,0.87947739,-0.12792163,-0.77937771,-1.0972539,14.85964,14.371167,19.07173,10.338461,12.855371,12.376859,13.768141,8.6649592,-4.0106978,-3.4244825,-4.6430141,-3.3628889,-4.3011711,-3.8516806,-3.3110668,-3.8264746,-7.5552998,3.234582,-9.6364961,22.368508,10.89013,-10.791361,10.817926,35.591829
-7.7705792,0.92021583,0.37938467,3,15,0,16.825665,-4.3925423,1.0886304,0.5665409,0.36328476,0.2152187,-0.66628726,-0.60781452,0.4839373,-0.21167705,-0.30299141,-3.7757886,-4.1582486,-5.0542277,-4.6229804,-3.9970594,-5.1178829,-3.8657134,-4.722388,-5.8707682,-3.9606387,-3.6997692,-3.8750721,-3.1716098,-3.471497,-5.6120707,-4.2408508,-0.51288152,-13.36905,-4.1471893,-8.7755203,4.1504458,-29.086469,-10.267321,-14.929979
-7.4235156,0.8972403,0.47574998,3,7,0,13.57123,10.45137,1.0894917,-0.75524029,-0.51065965,-0.63949449,1.234473,0.87777997,0.82710816,0.87799988,0.43637494,9.6285415,9.7546456,11.407704,11.407943,9.8950101,11.796318,11.352497,10.926796,-4.377012,-3.2369175,-4.0969607,-3.3971229,-3.8488868,-3.7984887,-3.4424701,-3.8110877,11.427498,18.692345,16.257783,18.899229,8.5999488,25.337212,7.023886,0.97037003
-7.7887466,0.847247,0.5716138,3,7,0,12.221649,5.6143075,0.99950318,-0.87731148,-1.2094985,0.16546026,1.0845696,2.1728051,0.91122565,-0.48853092,-0.023414155,4.7374319,5.7796855,7.7860331,5.1260193,4.4054099,6.6983383,6.5250804,5.590905,-4.8295378,-3.2461726,-3.9187509,-3.3313454,-3.296524,-3.4510117,-3.8798925,-3.8727,16.140638,-5.9895802,25.340136,23.451079,-11.024514,17.4237,-6.3456214,-19.432271
-10.875725,0.33110049,0.62754594,3,7,0,15.37848,8.5458698,2.6979701,-0.77571873,-1.865921,-0.72151467,0.96499025,2.8426054,0.481081,-0.47366757,-0.91158386,6.4530038,6.5992447,16.215134,7.2679288,3.5116706,11.149385,9.843812,6.0864438,-4.6587066,-3.2313342,-4.4126628,-3.3171304,-3.2418123,-3.742495,-3.5541406,-3.8632766,11.512202,13.170337,36.508438,-4.8936166,9.2773819,6.1790537,16.144617,-2.0264281
-8.5547259,0.98993303,0.27637268,3,7,0,14.231018,4.5177948,1.031139,-1.4646851,-1.9703283,0.23513038,0.67043699,1.9184241,0.56965989,0.42741633,-0.36556614,3.0075009,4.7602469,6.4959567,4.9585205,2.4861124,5.2091086,5.1051934,4.1408453,-5.0150443,-3.2740036,-3.8676468,-3.3340555,-3.1911815,-3.3900429,-4.0529038,-3.9046287,-13.295793,11.293577,-9.4460914,-4.4606207,-3.557045,-8.9241546,-4.3221042,-25.612421
-6.4458558,0.99935019,0.39089571,3,15,0,10.654361,8.2726991,1.0224524,0.23145156,-1.8524444,-0.14602841,0.41084183,0.93448557,0.69959691,0.70097994,-0.50310607,8.5093473,8.123392,9.228166,8.9894177,6.3786629,8.6927653,8.9880036,7.7582971,-4.4711788,-3.2215998,-3.9835742,-3.3331883,-3.4522413,-3.5613736,-3.627604,-3.8370758,17.385116,10.840965,17.547952,7.7693973,-4.6830273,9.7336351,13.015501,-3.9696906
-7.3855063,0.14332921,0.56057326,3,7,0,13.36372,4.8455841,3.4384819,-0.20309478,-2.1518878,-0.97796891,0.83707143,1.4537511,1.0988408,0.42561917,-0.72450865,4.1472464,1.4828558,9.844281,6.3090679,-2.553643,7.7238391,8.6239284,2.3543743,-4.8913306,-3.4338895,-4.0137451,-3.3188065,-3.1310632,-3.503652,-3.6610772,-3.9528876,-16.900706,-1.2860427,41.88172,21.769109,-5.651932,2.4800716,6.0282133,-12.355943
-10.431327,0.99339575,0.17953435,4,31,0,12.755489,1.1834193,1.4924597,-0.31349317,-2.0041676,-2.2678609,1.032286,0.9522638,1.6152539,0.32764328,-0.51134673,0.71554341,-2.2012717,2.6046347,1.6724137,-1.8077201,2.7240645,3.5941207,0.42025496,-5.2813033,-3.7418533,-3.7528787,-3.4341197,-3.1201903,-3.3291164,-4.2591704,-4.0162401,5.1506169,-16.082351,-22.869649,17.692754,-4.7534185,-4.8425508,4.3223072,-26.282891
-9.450293,0.98895256,0.25484334,4,15,0,17.520742,9.1184881,0.78352329,0.91609637,1.5213733,1.6339848,-1.2602381,-0.97784135,-1.1144692,0.072113734,0.62268052,9.836271,10.398753,8.3523267,9.1749909,10.31052,8.1310622,8.2452756,9.6063728,-4.3601466,-3.2502937,-3.9432369,-3.3363817,-3.9058412,-3.5269662,-3.6972969,-3.818152,-11.315541,7.7579652,19.767913,4.4284837,5.4835185,10.223153,12.653612,24.222659
-7.1431445,0.99190441,0.35800782,4,15,0,15.208127,2.8400285,3.2240827,1.741843,0.95478907,-0.32097551,-0.095701356,0.073434534,-0.37678523,0.41534649,2.3752643,8.4558743,1.8051768,3.0767875,4.1791399,5.9183474,2.5314794,1.6252417,10.498077,-4.4758173,-3.4134028,-3.763651,-3.349715,-3.411617,-3.3265257,-4.5621872,-3.8127914,16.384675,16.787658,-6.470116,9.0098402,9.1871118,15.985163,-2.9527337,-4.0645267
-4.1955027,1,0.50421174,3,7,0,9.8080888,7.2001031,3.459911,1.5016044,0.12859508,0.30439006,-0.92766146,0.18785754,0.13819521,-0.65498753,0.81061811,12.395521,8.2532657,7.8500735,4.9339046,7.6450307,3.9904771,7.6782463,10.00477,-4.1680994,-3.2218443,-3.9214571,-3.3344733,-3.5774999,-3.3537882,-3.7542166,-3.8154537,11.863021,8.4483114,16.838631,4.9351276,17.090174,1.652244,14.20211,4.8499878
-5.1936878,0.98200322,0.71824974,2,7,0,6.804551,4.7837111,7.3242252,1.5909239,-0.26452978,-0.031512027,-1.3224984,-0.47269563,-0.39758683,-0.9553732,0.97852525,16.435996,4.5529099,1.3215818,-2.2136574,2.8462354,-4.9025653,1.8716956,11.95065,-3.924158,-3.2809358,-3.728004,-3.6676251,-3.2074812,-3.4608019,-4.5221346,-3.809314,0.16521533,4.522368,17.444106,-19.697395,12.177508,-8.7927305,-3.4216923,39.456766
-3.8173742,1,0.98943811,2,3,0,6.9854208,5.8288323,9.2153569,1.4473503,-1.3166395,0.44223754,0.37361834,-0.75741866,0.80763341,0.66173173,0.42294077,19.166682,9.9042092,-1.151051,11.926926,-6.3044701,9.2718587,13.271462,9.7263825,-3.8003832,-3.2396537,-3.6982042,-3.4171421,-3.2898508,-3.5995761,-3.333319,-3.8172877,42.028211,14.24331,33.957731,13.642398,-2.4152493,3.0684306,16.53528,17.2395
-3.8173742,0.0012034999,1.4022995,2,3,0,7.2914124,5.8288323,9.2153569,1.4473503,-1.3166395,0.44223754,0.37361834,-0.75741866,0.80763341,0.66173173,0.42294077,19.166682,9.9042092,-1.151051,11.926926,-6.3044701,9.2718587,13.271462,9.7263825,-3.8003832,-3.2396537,-3.6982042,-3.4171421,-3.2898508,-3.5995761,-3.333319,-3.8172877,-7.5767984,-11.184333,9.771856,-4.9548071,-7.5052806,11.491407,14.889242,1.6215652
-7.6348465,0.80643178,0.36165867,4,15,0,12.278713,7.8020145,0.73371276,-0.8732477,0.79268201,-1.07311,-1.2139703,1.692172,-0.097459184,-0.52177064,0.14730775,7.1613015,7.01466,9.0435826,7.4191847,8.3836154,6.911309,7.7305074,7.910096,-4.5919917,-3.2263781,-3.9748239,-3.3175599,-3.6596954,-3.4612287,-3.748836,-3.835124,24.946435,14.420281,-10.103573,17.694,15.718968,4.0144259,2.9442571,18.047107
-6.2389047,0.96619057,0.36942301,3,7,0,11.432318,6.8428122,2.9974163,-0.17852387,1.3784512,-1.090277,-0.69646712,1.4639814,0.75177985,0.016108436,-0.13551137,6.3077019,3.574798,11.230974,6.8910959,10.974604,4.7552103,9.0962094,6.4366282,-4.6726683,-3.3194357,-4.0870753,-3.3168828,-4.0012937,-3.3751049,-3.6179111,-3.8570743,3.1669935,2.8476517,-2.5372774,19.01683,12.508154,-4.444394,0.92881518,-14.725739
-6.1063149,0.92027201,0.49432494,3,7,0,11.186696,6.2576146,1.4054853,1.4865809,-0.20678068,-1.3604905,-0.75634723,0.77112939,0.24764875,-0.12668758,-1.15833,8.3469823,4.3454652,7.3414257,6.0795571,5.9669874,5.1945797,6.6056813,4.6295988,-4.4853023,-3.2883017,-3.9004044,-3.3203347,-3.415786,-3.3895383,-3.8706761,-3.8931418,-10.0401,5.8451828,15.655789,-5.0348482,-1.8614124,2.5307251,-4.0910305,-0.77785749
-5.3138463,0.96430551,0.61091956,3,7,0,10.234813,3.2606666,5.3763983,-1.3434565,0.20421444,1.4194817,-0.12884053,0.12748476,0.99571757,-0.6220119,-0.096862735,-3.9622906,10.892366,3.9460754,-0.083517173,4.3586047,2.5679685,8.6140408,2.7398939,-5.8971843,-3.2633525,-3.7857616,-3.5241735,-3.293414,-3.326993,-3.6620048,-3.9416399,-6.5535922,20.666815,15.090444,-12.202953,8.3044426,16.326389,6.0917364,-21.115613
-7.4890279,0.96174914,0.81173232,2,3,0,9.9383032,7.8280649,1.0922945,-0.14634788,-0.36834077,1.2030989,0.12718995,-0.29672149,-0.26036054,-2.3205002,0.86047224,7.6682099,9.1422032,7.5039577,5.2933953,7.4257283,7.9669938,7.5436745,8.767954,-4.5456147,-3.2280468,-3.9070216,-3.3288689,-3.5543909,-3.5174082,-3.7681973,-3.8254308,6.6153553,6.9381477,12.528202,-1.0480461,10.856983,16.463288,-5.599445,17.087172
-7.4890279,0.16621737,1.0717949,2,3,0,18.383278,7.8280649,1.0922945,-0.14634788,-0.36834077,1.2030989,0.12718995,-0.29672149,-0.26036054,-2.3205002,0.86047224,7.6682099,9.1422032,7.5039577,5.2933953,7.4257283,7.9669938,7.5436745,8.767954,-4.5456147,-3.2280468,-3.9070216,-3.3288689,-3.5543909,-3.5174082,-3.7681973,-3.8254308,37.116253,12.755737,15.611102,-4.7297212,5.1339084,12.54927,8.9326009,36.465099
-8.6953589,0.95668381,0.37477062,4,15,0,17.24204,1.2351991,5.3933734,0.35350792,0.40667721,0.25956692,0.54821131,-2.0747063,0.32122492,2.5402229,-0.78395733,3.1417994,2.6351405,-9.9544665,14.93557,3.4285612,4.1919075,2.9676851,-2.9929755,-5.0001668,-3.3654322,-3.7859894,-3.5770539,-3.2372258,-3.3589341,-4.3513761,-4.1562074,8.5397308,-13.248109,-8.0400206,25.512396,8.6792473,5.5810927,8.5994561,-5.7720179
-8.6074406,0.65714165,0.49103201,3,7,0,14.346896,2.7783716,0.85829142,0.49571693,-0.21369037,0.72197296,0.58433191,2.3614987,0.068606115,-1.3838839,1.3282949,3.2038412,3.3980348,4.8052257,1.590596,2.594963,3.2798987,2.8372557,3.9184357,-4.9933209,-3.327414,-3.8105147,-3.4377497,-3.1959394,-3.3383129,-4.3710677,-3.9100999,3.3154241,0.39999798,25.015251,-2.1707513,20.179815,7.4728449,11.197812,-7.5025645
-9.7222828,0.97750222,0.39099004,3,15,0,13.125675,3.1092145,0.20197416,-1.7172831,0.16247341,-0.16418713,0.34889508,1.8992055,-0.13364071,-1.2669129,1.1890426,2.7623677,3.0760529,3.4928049,2.8533308,3.1420299,3.1796823,3.0822225,3.3493704,-5.0424067,-3.3427499,-3.7738642,-3.387887,-3.2220669,-3.3364661,-4.3342241,-3.9247939,21.635165,-2.8184691,22.14746,-1.2154389,1.5456357,-12.843906,-12.046657,4.6855754
-7.6972792,0.99462888,0.52911188,3,7,0,13.366329,4.1734511,0.12112232,1.2955808,0.62516963,-1.0429124,0.25287101,-0.16224165,1.1500038,-0.70735222,-0.026761851,4.3303748,4.0471311,4.1538,4.0877749,4.2491731,4.2040794,4.3127422,4.1702096,-4.8719913,-3.2996495,-3.791482,-3.3518795,-3.2862484,-3.3592558,-4.1582288,-3.9039177,17.243992,15.199508,-26.671904,18.242927,22.023242,-7.5744314,11.355969,11.3012
-8.0707049,0.64352104,0.73496681,2,7,0,12.430854,3.429863,0.16886283,-1.5820518,0.8399037,0.76353029,-0.50204902,0.60757858,1.1530112,-0.64705992,0.37373014,3.1627133,3.5587949,3.5324604,3.3205986,3.5716915,3.3450856,3.6245637,3.4929721,-4.9978572,-3.3201451,-3.774873,-3.3727759,-3.2451777,-3.3395587,-4.2547895,-3.9209917,0.8687209,4.3835253,7.5621935,2.4560145,4.109065,0.5619608,3.6185892,21.235163
-10.56078,0.79083704,0.57279292,3,7,0,16.173621,8.0779431,11.044685,1.4919492,-1.3746963,-0.58447245,-0.21867596,-1.6621352,-1.6444174,0.42107657,-0.20303911,24.556052,1.6226293,-10.279817,12.728601,-7.1051442,5.6627362,-10.084128,5.8354402,-3.653346,-3.4248779,-3.7950345,-3.4524407,-3.346242,-3.4066731,-7.165115,-3.867955,43.602798,-11.406797,-13.079949,2.2066942,-3.4942183,18.00751,-8.7857046,-9.5115084
-10.56078,0.016787803,0.56884237,3,7,0,14.393204,8.0779431,11.044685,1.4919492,-1.3746963,-0.58447245,-0.21867596,-1.6621352,-1.6444174,0.42107657,-0.20303911,24.556052,1.6226293,-10.279817,12.728601,-7.1051442,5.6627362,-10.084128,5.8354402,-3.653346,-3.4248779,-3.7950345,-3.4524407,-3.346242,-3.4066731,-7.165115,-3.867955,41.780717,0.78174236,1.5683524,21.68801,-24.731067,-1.6622548,3.9026139,-7.0264998
-7.5489554,1,0.16011846,4,15,0,13.257019,10.363737,0.57720771,-0.0041426014,-0.6259931,0.29760126,0.42427101,-1.3744184,-1.1005044,0.029313242,0.9001735,10.361346,10.535515,9.5704119,10.380657,10.002409,10.608629,9.7285172,10.883324,-4.3183712,-3.2536678,-4.0001508,-3.3640604,-3.8634038,-3.6983452,-3.5636108,-3.8112346,-20.320853,19.014702,-6.979085,22.331629,19.180638,28.448427,30.35468,43.206882
-7.2978874,0.99586699,0.22424525,4,15,0,10.816197,12.186218,1.2960406,-0.22458982,-0.12173191,1.1487216,0.24102137,-1.1311467,0.62486761,0.16866511,0.11105288,11.895141,13.675008,10.720206,12.404815,12.028449,12.498592,12.996072,12.330147,-4.2033587,-3.3825522,-4.0591914,-3.4375446,-4.1639438,-3.8631876,-3.3467201,-3.8094785,21.505316,4.0109437,43.42818,-8.2339487,13.007917,2.76556,8.7736421,11.922176
-7.6023236,0.96159595,0.31126496,4,15,0,14.507462,1.6790225,1.408988,1.2293524,-0.73224528,-0.87585093,-0.76682593,2.310413,0.23599661,-0.35476174,0.016047657,3.4111653,0.44495911,4.9343666,1.1791675,0.64729774,0.59857402,2.0115389,1.7016335,-4.9705683,-3.5069168,-3.8144846,-3.4568424,-3.1329137,-3.3174997,-4.4996781,-3.9729775,8.0590626,-12.297031,-16.122223,19.424035,-4.8403476,25.931388,0.098735706,5.158019
-5.9154402,0.98498495,0.40793704,4,15,0,11.625811,5.0423056,2.8173068,0.16315353,-0.60614274,0.92918585,0.60731506,-2.3563974,-0.28920668,-0.02641595,-0.41480692,5.5019592,7.6601072,-1.5963888,4.9678838,3.3346155,6.7532985,4.2275217,3.8736673,-4.7517928,-3.2221013,-3.6953752,-3.3338978,-3.2321439,-3.4536125,-4.1699294,-3.9112197,15.186557,11.711398,-11.016966,-9.0763136,-5.4335582,11.878635,5.1634232,32.656765
-6.4871519,0.95466355,0.5541378,3,7,0,10.586005,5.0938566,3.843077,1.1330412,0.54396315,-0.39986545,-0.8494654,2.1451414,1.2082845,-0.27378768,-0.68210879,9.4482213,3.5571429,13.3378,4.0416695,7.1843488,1.8292957,9.7373871,2.47246,-4.3918076,-3.3202185,-4.2128626,-3.3529979,-3.5296419,-3.3196757,-3.5628775,-3.9493937,40.307162,13.62599,17.97387,-4.6080472,9.3465676,-1.4325949,2.5354504,-14.988318
-7.2186684,0.91910223,0.71560887,3,7,0,11.147806,4.8353488,5.0775239,0.86008675,-0.9595448,0.45866819,1.1881699,-2.4538031,-0.6676064,0.33753965,0.41577461,9.2024598,7.1642475,-7.623895,6.5492144,-0.036762931,10.86831,1.4455613,6.9464543,-4.4122054,-3.225016,-3.7332859,-3.3176735,-3.1218904,-3.7192451,-4.5917708,-3.8487213,13.024064,12.923404,-21.207204,28.465546,8.2497111,11.538341,9.0641517,-7.1584942
-10.671826,0.17471149,0.87165578,3,7,0,15.206644,-3.1960288,0.5509228,-0.41992562,0.19753535,1.2444089,-0.273629,0.22231616,-1.0950376,-1.8322122,-1.0071932,-3.4273753,-2.5104555,-3.0735497,-4.2054362,-3.087202,-3.3467772,-3.7993099,-3.7509144,-5.821833,-3.773872,-3.6915378,-3.8356842,-3.1430545,-3.3949101,-5.5975732,-4.1921672,-15.724127,8.1990518,1.2968334,13.097759,-7.784111,15.953894,-7.0757579,-11.579363
-14.115858,0.97014552,0.32407129,3,15,0,17.91729,-0.40636597,1.0228816,-0.62180464,1.7007281,1.7800385,0.64542783,-0.41022006,-1.8890383,-2.7363883,-0.55665828,-1.0423985,1.4144027,-0.82597252,-3.2053672,1.3332775,0.25383029,-2.3386285,-0.97576148,-5.5013463,-3.4383741,-3.7007585,-3.7472037,-3.1497692,-3.3191345,-5.2898227,-4.0691411,11.370907,-7.8032188,1.766718,-13.71551,-15.22273,10.366649,-20.728565,1.582625
-10.069384,0.99479778,0.4285716,4,15,0,22.09171,4.9388699,4.2286218,1.9843386,-2.157864,-1.9587564,1.63855,0.027773788,1.0765284,-0.067500952,0.49373124,13.329887,-3.34397,5.0563147,4.6534339,-4.1859206,11.867678,9.4911015,7.0266725,-4.1052381,-3.8649519,-3.8182933,-3.3395874,-3.178818,-3.8048769,-3.5835304,-3.84748,22.016884,-3.5490363,18.673204,1.9384602,-19.440791,10.731441,0.040313337,19.452282
-11.29353,0.90132023,0.58827405,3,7,0,15.69867,5.1553593,2.0988793,-1.1566256,2.0503481,2.4112356,-1.9204991,-0.71330571,-0.40716164,0.55721309,0.50795241,2.7277418,10.216252,3.6582167,6.3248823,9.4587924,1.1244635,4.3007761,6.2214901,-5.0462933,-3.2460825,-3.7781129,-3.3187172,-3.7913874,-3.3168978,-4.1598673,-3.8608399,-4.6605175,8.4263036,-24.345785,9.9014246,5.9116436,-1.9667391,-6.7444204,-8.5054406
-5.6356399,1,0.6953856,2,7,0,12.768697,6.4707632,2.0111169,-0.0024031904,1.004813,0.89425585,-0.68338266,0.12937398,0.023813626,0.35192477,1.8067537,6.4659301,8.2692163,6.7309494,7.1785251,8.4915597,5.0964008,6.5186552,10.104356,-4.6574691,-3.221886,-3.8764714,-3.3169655,-3.6722724,-3.3861747,-3.88063,-3.8148558,8.0951089,26.830735,1.0576877,9.4550688,-6.8117495,-17.975383,-0.15606528,21.829407
-5.1186282,0.47349419,0.95899577,2,3,0,9.3354949,2.8960656,4.6076445,0.95538738,1.0450821,0.08694061,1.4606992,0.24846956,0.44856376,0.26615285,1.254607,7.298151,3.296657,4.040925,4.1224033,7.7114322,9.6264482,4.9628879,8.6768488,-4.5793589,-3.3321308,-3.7883527,-3.351051,-3.584614,-3.6243363,-4.0713551,-3.8263525,-22.237417,21.030907,-4.8141399,18.566839,17.72423,17.594673,-17.341358,2.2785288
-5.1186282,0.11554064,0.5781226,3,7,0,12.816895,2.8960656,4.6076445,0.95538738,1.0450821,0.08694061,1.4606992,0.24846956,0.44856376,0.26615285,1.254607,7.298151,3.296657,4.040925,4.1224033,7.7114322,9.6264482,4.9628879,8.6768488,-4.5793589,-3.3321308,-3.7883527,-3.351051,-3.584614,-3.6243363,-4.0713551,-3.8263525,11.687988,2.8094003,-4.4092871,-16.103811,19.184763,6.0821113,14.830281,2.2929479
-4.7378198,0.97238321,0.1997779,4,15,0,13.715122,6.637511,7.1722653,1.0927105,0.57048366,0.65249328,-0.34485048,0.061321945,-0.80791733,-0.29766137,-0.51134067,14.47472,11.317366,7.0773283,4.5026047,10.729171,4.1641519,0.84291357,2.9700401,-4.0335069,-3.2765482,-3.8898721,-3.3426065,-3.965382,-3.3582051,-4.6933517,-3.9351439,3.2544991,13.49021,15.386726,-2.0368422,2.1220944,8.1897599,4.07171,48.122795
-4.5858561,0.99793339,0.26411222,4,15,0,7.0760995,3.1067363,1.5658111,0.79620981,-0.13561278,0.22498009,-0.80480743,1.1017597,0.36603537,-0.89171334,0.6348715,4.3534504,3.4590126,4.8318839,1.7104816,2.8943923,1.8465598,3.6798785,4.1008251,-4.869565,-3.3246265,-3.8113288,-3.4324495,-3.2097822,-3.3197952,-4.246853,-3.9056019,9.992552,-17.607215,-28.181566,8.0798705,-9.5004859,20.940998,0.87209306,16.420039
-8.3316299,0.98140311,0.36268343,4,15,0,11.365811,1.9891265,0.14894517,0.9039735,-0.75992787,-0.92534086,-0.47816197,-0.77613187,-0.85338778,-1.1566632,-0.92019324,2.123769,1.8513015,1.8735254,1.8168471,1.8759389,1.9179066,1.8620185,1.8520682,-5.1149428,-3.4105561,-3.7379164,-3.4278465,-3.1672188,-3.3203154,-4.5236959,-3.9682308,-0.56034704,16.567678,-2.2315916,5.0885008,-15.417291,9.7153166,4.5428573,6.9748658
-6.0133613,0.93165712,0.48451808,3,7,0,18.079452,9.5222529,1.4320742,-0.30230055,0.44632904,-0.4679628,-0.38741686,-0.76735835,1.011481,0.89971932,1.0455414,9.0893361,8.8520954,8.4233388,10.810718,10.161429,8.9674432,10.970769,11.019546,-4.4216848,-3.225154,-3.9463957,-3.3768403,-3.88516,-3.5791485,-3.4685741,-3.8107938,-0.65436268,-2.4848631,19.096874,17.679761,4.564559,3.0646913,10.254332,17.605915
-6.2277282,0.89767701,0.59836412,3,7,0,10.839003,-0.81583251,1.4422464,1.3163335,-0.94282955,0.94102231,0.58692959,0.076738955,0.63352737,-0.65256051,-0.33246921,1.0826448,0.54135357,-0.70515602,-1.7569856,-2.1756251,0.030664594,0.097870085,-1.295335,-5.2370865,-3.4996807,-3.701813,-3.6337131,-3.1246946,-3.3207165,-4.8239549,-4.0820972,-7.0906913,-2.3075572,-3.6684273,0.42379201,-16.854732,1.0571982,5.0390661,-16.171051
-8.1592728,0.33455846,0.70039699,2,3,0,12.45489,-1.7500036,4.2565578,-0.091333122,-0.70793157,1.0967061,1.0847916,1.0313292,1.0205293,-0.99814975,-1.5330929,-2.1387683,2.9181891,2.6399087,-5.9986857,-4.7633552,2.8674744,2.5939386,-8.275702,-5.645534,-3.3506476,-3.7536534,-4.0150397,-3.2035881,-3.3312448,-4.4082573,-4.4437302,4.4619293,-26.050371,-10.364729,-7.0395669,-13.641904,1.0513231,21.377506,-24.026409
-7.00026,0.99978423,0.34499457,4,15,0,12.286891,8.9405189,1.9221267,-1.1776836,1.1129862,-1.5037412,-0.38403573,-0.99672077,0.51595912,-0.37916109,0.17011031,6.6768618,6.0501378,7.0246953,8.2117232,11.079819,8.2023536,9.9322577,9.2674925,-4.6373803,-3.2405334,-3.8878056,-3.3229011,-4.0169164,-3.5311888,-3.546966,-3.8208328,-2.1638095,-20.666174,16.520333,8.5391437,21.778017,4.652317,17.733286,27.112446
-6.6358033,0.97585621,0.47245515,3,7,0,11.029018,-0.80618519,6.7653472,1.7951053,-0.4643385,2.1469741,0.2442679,0.94135745,1.5632994,0.3330782,-0.075538031,11.338325,13.71884,5.5624248,1.4472045,-3.9475964,0.84637193,9.7700777,-1.3172262,-4.243903,-3.3850493,-3.8347208,-3.4442451,-3.1697947,-3.3169313,-3.5601817,-4.0829963,38.293421,15.501362,-44.000493,1.3136286,0.45601918,-10.462011,9.4578835,-6.6805568
-7.0924134,0.93202419,0.62264759,3,7,0,10.45132,8.4633629,1.0324547,-0.94768058,0.24432989,-2.0291759,-0.12906117,-1.0834083,-0.2210512,0.13081864,0.18587467,7.4849256,6.3683307,7.3447929,8.5984272,8.7156224,8.3301131,8.2351375,8.6552701,-4.5622516,-3.2348354,-3.9005404,-3.3273915,-3.6988379,-3.5388609,-3.6982863,-3.8265745,7.7158504,-15.399445,1.0955298,-0.48104215,10.783346,2.8124247,-8.2815328,13.100121
-7.8899667,0.89143113,0.76638699,2,3,0,9.9449215,10.558782,2.6442228,-0.90544348,1.1941333,-1.668949,-0.31345732,-0.77967498,-0.37286303,-0.34732749,0.63567586,8.164588,6.1457095,8.497148,9.6403711,13.716337,9.7299314,9.5728494,12.239651,-4.5013078,-3.2387156,-3.9496999,-3.3456419,-4.4530185,-3.6317582,-3.576608,-3.8093989,-16.680101,20.897426,6.7277768,-14.518675,1.9861818,19.288435,7.1506802,21.306619
-7.8899667,0.054798926,0.88587312,2,3,0,12.075877,10.558782,2.6442228,-0.90544348,1.1941333,-1.668949,-0.31345732,-0.77967498,-0.37286303,-0.34732749,0.63567586,8.164588,6.1457095,8.497148,9.6403711,13.716337,9.7299314,9.5728494,12.239651,-4.5013078,-3.2387156,-3.9496999,-3.3456419,-4.4530185,-3.6317582,-3.576608,-3.8093989,7.5574673,-2.6260101,-5.2203862,24.571712,14.759881,1.8994241,14.09402,17.220651
-7.3453046,0.98528497,0.2884373,4,15,0,14.034834,-2.8464264,12.65913,1.2873686,-1.1928651,1.7264655,0.53431064,-0.11000321,1.2077856,0.61557272,-0.28026404,13.45054,19.009125,-4.2389714,4.9461888,-17.947061,3.9174815,12.443089,-6.3943254,-4.0974038,-3.8275278,-3.6945254,-3.3342641,-4.8890204,-3.3520061,-3.3759199,-4.3314572,21.341206,28.888925,-5.9364901,12.08251,-32.300338,8.8313176,3.6493971,14.629157
-9.2079185,0.89384416,0.38487296,3,7,0,11.89043,-1.4570359,2.4060418,1.3187544,-0.87088212,2.0639957,0.08086075,-0.53080058,1.9033601,1.033645,-1.1080521,1.7159423,3.509024,-2.7341643,1.0299572,-3.5524147,-1.2624815,3.1225282,-4.1230556,-5.1622147,-3.322368,-3.6916653,-3.4641124,-3.1563781,-3.337986,-4.3282195,-4.2104722,40.392014,2.4914833,-9.2003209,16.058255,12.298341,-4.0390404,7.4008604,-11.830038
-5.7002862,1,0.44679246,3,7,0,10.678143,-2.743129,13.506957,0.65455769,0.17761219,1.6176139,0.021104944,-0.65725973,1.7548582,0.13439429,-0.26214377,6.0979538,19.105913,-11.620708,-0.92787105,-0.34412872,-2.4580654,20.959665,-6.2838937,-4.6929879,-3.8382301,-3.8366769,-3.5765493,-3.1188185,-3.3662479,-3.2653217,-4.3252065,-0.443819,1.4591101,-24.432893,-2.7867814,-17.419011,-1.4915401,14.466218,-6.1914718
-5.7002862,0.086988485,0.6077189,3,7,0,16.426015,-2.743129,13.506957,0.65455769,0.17761219,1.6176139,0.021104944,-0.65725973,1.7548582,0.13439429,-0.26214377,6.0979538,19.105913,-11.620708,-0.92787105,-0.34412872,-2.4580654,20.959665,-6.2838937,-4.6929879,-3.8382301,-3.8366769,-3.5765493,-3.1188185,-3.3662479,-3.2653217,-4.3252065,-0.62160893,30.735654,12.790246,-13.303703,-11.593254,-12.663292,12.919675,-34.020123
-5.2046405,0.81998833,0.21047298,3,7,0,7.5542961,-2.4236137,13.273861,1.0176114,0.14477572,1.5035652,-0.05839243,-0.67009064,1.6737518,-0.027522723,-0.32042202,11.084018,17.534501,-11.318303,-2.7889465,-0.50188101,-3.1987067,19.793535,-6.6768509,-4.2628786,-3.6760571,-3.8266721,-3.7127986,-3.1176947,-3.3896815,-3.2376075,-4.3476201,3.6763272,8.1948716,-28.501716,3.9126744,3.0188044,-5.5135193,31.165507,-26.179993
-2.5013865,0.99902417,0.21891676,4,15,0,6.5963975,5.0459251,3.1925956,-0.068561574,0.11110947,0.04109887,-0.034446983,-0.62209844,0.77047549,0.10819432,0.37602829,4.8270357,5.1771372,3.0598164,5.3913458,5.4006528,4.9359498,7.5057418,6.2464314,-4.8202916,-3.2613664,-3.7632487,-3.3275271,-3.3690542,-3.3808491,-3.7721709,-3.860396,22.737439,-8.8079133,22.470465,1.6773787,2.4453065,-5.5257763,23.750302,-0.0179635
-2.1251564,0.95774706,0.29714242,3,15,0,6.8127475,2.3564767,9.368946,0.14412136,-0.090999256,0.070690178,-0.079225571,0.1653325,1.3055873,0.45921524,0.077026049,3.7067419,3.0187691,3.9054679,6.6588394,1.5039095,1.6142166,14.588453,3.0781296,-4.9384607,-3.3455869,-3.784663,-3.3173148,-3.1548641,-3.3183927,-3.2797169,-3.9321494,13.081725,-8.9641434,22.285185,15.24434,-16.263998,12.419069,4.5396898,-12.74906
-3.6811894,0.91190689,0.37871022,3,7,0,5.8489117,0.87396994,5.286244,1.8969053,0.17142097,0.27983305,0.63702557,0.19270325,0.46540141,-0.070271241,-0.037336393,10.901474,2.3532357,1.8926463,0.50249902,1.780143,4.2414426,3.3341954,0.67660066,-4.2766767,-3.3809534,-3.7382811,-3.4912864,-3.1638742,-3.360251,-4.2969528,-4.0071797,4.0802336,1.0041366,-6.3001994,9.033706,10.354657,13.073934,6.5029873,-8.1481137
-6.9852753,0.86418006,0.45040196,3,7,0,13.566016,-1.9517597,3.9101942,-0.47878717,0.071560864,1.2531626,0.059086644,1.5772247,1.5111936,1.0181311,0.59602063,-3.8239105,2.9483494,4.2154952,2.0293306,-1.6719428,-1.7207194,3.9573005,0.37879668,-5.8775694,-3.3491195,-3.7932135,-3.4189311,-3.1189502,-3.3474219,-4.2075107,-4.0177244,-9.6804873,-10.836641,-5.5707463,13.186187,-3.8379009,28.399988,2.4853581,5.24289
-5.8883534,0.97918949,0.49874928,3,7,0,8.7120275,-0.88468873,10.303757,-0.48660776,-0.20267026,1.4428944,-0.75272129,0.65445471,1.3862045,0.78634478,0.41407221,-5.8985767,13.982544,5.8586534,7.2176165,-2.9729537,-8.6405458,13.398425,3.3818106,-6.1805743,-3.4004778,-3.8448002,-3.3170295,-3.1401912,-3.7008839,-3.3273961,-3.9239294,12.66368,19.535005,14.587932,1.3454023,-13.519519,-14.806262,15.150126,6.7414175
-4.8326978,0.81214717,0.65379137,3,7,0,8.2169201,5.4174111,2.4896255,0.086842835,-0.22746094,1.6505665,-0.55813824,-0.24499549,1.6390015,-0.27838101,0.31847195,5.6336172,9.5267036,4.8074641,4.7243466,4.8511185,4.0278558,9.4979111,6.210287,-4.7386667,-3.2331777,-3.8105829,-3.338233,-3.3274939,-3.3547177,-3.5829512,-3.8610399,-1.3391705,33.138092,21.282916,-7.4554925,9.3428152,19.421147,15.712716,-12.495923
-4.8401052,0.68997371,0.66966478,3,7,0,13.234183,0.18073572,7.0695217,1.0615502,-1.3433024,0.76893442,-0.58213667,0.71280917,1.1340797,-0.26794483,-0.43122718,7.685388,5.6167343,5.2199557,-1.7135061,-9.3157698,-3.9346921,8.198137,-2.8678342,-4.5440631,-3.2499234,-3.8234954,-3.6305743,-3.5430275,-3.4174585,-3.7019062,-4.1504407,-4.5302005,3.9373029,-9.0428546,-9.0325927,-17.558557,4.8459583,16.083287,14.800428
-4.8401052,0.0037611716,0.57349393,2,3,0,7.6122178,0.18073572,7.0695217,1.0615502,-1.3433024,0.76893442,-0.58213667,0.71280917,1.1340797,-0.26794483,-0.43122718,7.685388,5.6167343,5.2199557,-1.7135061,-9.3157698,-3.9346921,8.198137,-2.8678342,-4.5440631,-3.2499234,-3.8234954,-3.6305743,-3.5430275,-3.4174585,-3.7019062,-4.1504407,21.604324,6.5332394,10.868686,1.6809167,-7.8504302,2.1421672,13.658208,19.317253
-4.4478065,0.99929884,0.18046061,4,15,0,6.561617,1.687534,5.237315,0.42260608,-0.53383883,1.2041029,-1.0844073,0.78040511,0.92222882,0.18593352,-0.88221807,3.9008551,7.9937998,5.7747613,2.6613264,-1.1083482,-3.9918484,6.5175368,-2.9329199,-4.917586,-3.2215238,-3.8419109,-3.3946193,-3.1162356,-3.419803,-3.8807584,-4.1534339,-36.043349,27.435285,26.997687,-5.1203104,-9.9360082,5.4518712,7.4802119,-7.6618715
-3.3016696,0.99933576,0.24352643,4,15,0,5.4688156,7.7074473,8.5793233,0.80740366,-0.20324342,-0.10806638,0.44131427,-1.0519431,0.035780276,-0.15798874,0.64419461,14.634424,6.7803109,-1.3175129,6.3520108,5.9637563,11.493625,8.0144179,13.234201,-4.0239634,-3.2289618,-3.6970561,-3.3185689,-3.4155082,-3.7718593,-3.7200829,-3.811661,19.02334,19.535853,8.6972555,1.8366353,-1.4415848,18.02647,-15.710508,36.876673
-6.0146527,0.88904182,0.32812354,4,15,0,8.8960133,-1.3338757,6.8198054,-0.53044075,-0.70718098,-0.15971648,0.085666085,0.7553095,-0.10936631,0.83974828,-0.46591944,-4.9513784,-2.423111,3.8171881,4.3930441,-6.1567124,-0.74964971,-2.0797327,-4.5113557,-6.0398628,-3.7647298,-3.7822969,-3.3449174,-3.2803093,-3.3294837,-5.237502,-4.2300277,-13.777596,-2.3452459,-19.516841,5.2555591,-21.112783,-9.0177312,-27.101297,33.401303
-7.6711599,0.96408417,0.37622506,4,15,0,13.316268,11.003205,0.60777005,0.99325704,1.2451441,0.35903979,0.19078556,-0.83203109,0.80236777,-0.10193174,-0.063367179,11.606877,11.221419,10.497522,10.941254,11.759967,11.119159,11.49086,10.964693,-4.2241765,-3.2734113,-4.0473536,-3.3810218,-4.1212048,-3.7399635,-3.4333681,-3.8109644,-13.174558,25.11195,-1.0701755,47.172272,14.581693,21.227499,15.842652,3.0844508
-6.7440194,0.98730785,0.48043117,3,7,0,10.782293,-0.046681666,4.4186676,-0.6770351,-0.47068595,-0.38225531,0.8165843,0.0044617193,0.19642741,0.53704537,-1.9273841,-3.0382747,-1.7357408,-0.026966812,2.3263433,-2.1264864,3.5615329,0.82126577,-8.5631515,-5.767821,-3.6954469,-3.7087908,-3.4070944,-3.1239963,-3.3439472,-4.6970682,-4.4618461,-5.4140877,22.352724,-16.607556,-6.8805785,-4.8500381,-2.6172343,13.898124,-35.889866
-5.6856701,0.89280382,0.6335662,3,7,0,11.041795,9.8164847,7.6659014,0.67970899,0.11843563,-0.4564752,-0.91865656,-0.59848301,0.14368641,-0.50127929,1.8199164,15.027067,6.3171908,5.2285729,5.9737271,10.724401,2.7741541,10.917971,23.767785,-4.0009821,-3.2356829,-3.8237722,-3.321186,-3.9646913,-3.3298405,-3.4722993,-4.0230152,21.488325,8.10741,-9.8049647,12.64033,17.501951,12.295135,18.10099,40.824815
-9.103178,0.17608184,0.72832975,3,7,0,11.557113,4.2032082,0.93544528,-0.0037715198,-1.4753692,2.2391839,0.78286909,-0.18173366,-0.12971896,0.67074249,-1.9198492,4.1996801,6.2978422,4.0332063,4.830651,2.823081,4.9355393,4.0818632,2.4072943,-4.8857781,-3.2360103,-3.7881405,-3.3362804,-3.206385,-3.3808357,-4.1900963,-3.9513165,6.0013373,14.256868,-9.0050437,-11.274652,-3.1892584,23.615429,10.286563,-3.6126307
-5.1456763,0.98781016,0.2994003,3,15,0,11.410981,1.8176973,1.0412025,0.01886498,-0.78854461,0.18522433,1.3082875,-0.53597423,0.61934943,0.37762076,-0.66667877,1.8373396,2.0105534,1.2596396,2.210877,0.9966627,3.1798896,2.4625655,1.1235497,-5.1480661,-3.400891,-3.7269658,-3.4116094,-3.1407721,-3.3364698,-4.428583,-3.9918677,17.132045,-10.666093,-13.67026,5.4622426,-13.539038,-33.119412,-8.9836518,2.9198297
-5.6993601,0.84039664,0.39473441,4,15,0,12.833712,9.1228766,1.1175192,0.51108568,0.56673259,-1.1776984,-0.11916759,-0.45891982,-0.60598582,0.15049742,-0.79877829,9.6940246,7.8067761,8.6100249,9.2910603,9.7562111,8.9897045,8.4456758,8.2302265,-4.3716748,-3.2217103,-3.9547942,-3.3385237,-3.8303364,-3.5806164,-3.6779492,-3.8312411,-10.765331,4.6012262,-0.95542117,-0.23146059,17.100711,17.965287,9.776202,-39.617069
-5.0635976,0.95961394,0.42112746,3,7,0,10.161355,5.4774544,2.1526074,0.39747357,-1.4484654,0.93793277,-0.72033614,-0.56867783,1.3444176,-0.64455327,0.57582367,6.333059,7.4964554,4.2533144,4.0899843,2.3594772,3.9268536,8.3714577,6.7169767,-4.670225,-3.2227914,-3.7942823,-3.3518263,-3.1858303,-3.3522324,-3.6850678,-3.8523818,24.480513,21.402758,-28.603923,13.514542,-9.5416442,-19.422886,10.047543,45.636267
-8.4691498,0.48329177,0.53216194,2,7,0,13.329573,6.7631854,1.0601914,-0.74421734,-1.1252617,1.8317266,-1.1932075,-0.24445166,1.6688954,-1.0976808,0.54312564,5.9741726,8.7051662,6.5040199,5.5994337,5.5701926,5.4981571,8.5325339,7.3390025,-4.7050711,-3.2240099,-3.867946,-3.3249395,-3.3826287,-3.400443,-3.6696882,-3.8428364,12.345412,18.069298,20.696705,-8.5595737,19.568818,-1.3518272,3.8483824,26.501476
-7.9045097,0.99070598,0.34162388,4,15,0,12.522049,3.0171765,0.1345404,1.0400139,0.21263507,-1.173152,-0.98686651,0.22533708,0.94424717,0.32622462,-0.96582754,3.1571004,2.8593402,3.0474935,3.0610669,3.0457846,2.8844031,3.1442159,2.8872337,-4.9984769,-3.3536555,-3.7629573,-3.3809462,-3.2172024,-3.3315073,-4.3249952,-3.9374623,-2.6952777,10.791806,11.881914,2.2608079,3.8408746,5.7982058,-0.69091771,34.056436
-10.819427,0.88570491,0.45081608,3,15,0,14.789683,1.2511862,0.071465022,1.1247236,-1.2768026,0.091962804,0.46939124,-0.77099836,0.017366937,-2.3020804,0.29813628,1.3315646,1.2577583,1.1960868,1.086668,1.1599395,1.2847313,1.2524274,1.2724925,-5.2074453,-3.4488127,-3.7259162,-3.4613276,-3.1449615,-3.3171688,-4.6239296,-3.986902,13.169778,6.1407323,-13.63124,-7.9461925,4.2821169,-17.236295,-5.3934726,-7.6313089
-5.8454728,0.97410607,0.51220352,3,7,0,17.346077,7.1703251,2.3596969,-0.11267037,0.80842428,0.10183485,-0.25627251,-0.70589717,0.56490083,2.0927289,-0.18263958,6.9044572,7.4106245,5.5046217,12.108531,9.0779613,6.5655996,8.5033198,6.739351,-4.6159264,-3.2232604,-3.832794,-3.424673,-3.7431094,-3.4448334,-3.6724583,-3.8520177,9.7839145,11.297562,5.3311856,30.374977,5.7490709,12.085989,28.956473,-20.786491
-5.749428,0.89903425,0.65870244,2,7,0,11.274266,3.6578206,2.7078883,0.74869625,0.39974718,0.91021655,1.0262536,-1.5611152,0.72713436,1.4554757,-0.22662128,5.6852064,6.1225853,-0.56950495,7.5990861,4.7402913,6.4368006,5.6268192,3.0441555,-4.7335443,-3.2391471,-3.703065,-3.3183169,-3.319564,-3.4389776,-3.9870016,-3.9330868,-3.1685691,11.462241,14.263664,-1.3274096,0.40023682,-16.119279,25.298722,8.8212325
-7.7012206,0.29339716,0.76133199,3,7,0,14.805142,4.3788342,4.3475444,0.18177582,1.40608,1.319371,-0.40848554,-0.74165046,-1.3137776,1.1908772,0.9634352,5.1691126,10.114858,1.1544759,9.5562256,10.491829,2.6029251,-1.3328722,8.5674114,-4.7853208,-3.2438868,-3.7252375,-3.343835,-3.9313615,-3.327451,-5.0903234,-3.8274934,-12.565501,11.329658,14.487119,1.8797483,5.951834,-1.2788603,-4.3352963,13.015967
-12.148264,0.96718143,0.37620626,3,7,0,16.299197,-2.5618615,2.0316979,1.6002396,0.18437254,2.5804521,-0.30749132,-0.24619548,-1.2908017,1.9907287,-0.18219722,0.68934178,2.6808375,-3.0620564,1.4826978,-2.1872722,-3.186591,-5.1843807,-2.9320312,-5.2844822,-3.3629911,-3.6915348,-3.4426215,-3.1248644,-3.3892617,-5.9091012,-4.1533929,-9.2172676,19.088084,-10.955349,11.303081,9.0133479,-9.128741,-5.4630152,0.51361347
-5.8184241,0.96142848,0.47860025,3,7,0,15.47784,4.5350228,3.622681,-0.027953066,1.009288,0.55735502,1.0881729,0.40406343,2.1882289,0.53431022,0.17091024,4.4337577,6.5541422,5.9988157,6.4706582,8.1913512,8.4771259,12.462278,5.154176,-4.8611393,-3.2319762,-3.8496887,-3.3179917,-3.6376504,-3.5478562,-3.3748555,-3.8816333,-9.2204521,11.614382,6.5771192,14.802906,16.430051,13.131219,16.682752,1.0597088
-4.6337397,0.99600653,0.60328069,3,7,0,8.0995491,-0.50402543,4.5956693,-0.18219225,-0.45185342,-1.0091055,-0.26278548,0.43514544,0.81508613,-0.11597304,0.21166519,-1.3413207,-5.1415404,1.4957591,-1.0369992,-2.5805943,-1.7117006,3.2418409,0.46871778,-5.540129,-4.0850241,-3.7310035,-3.5837485,-3.1315846,-3.3472194,-4.3105399,-4.0145116,14.585973,-6.4024442,-11.179331,6.8512613,-10.621702,11.746572,-2.4577498,-2.9072868
-4.3042583,0.59134897,0.79702488,3,7,0,10.804694,8.7484543,2.6566068,0.51121397,-0.56001501,1.0401914,-0.25473699,-0.40955773,-0.70932212,-0.067612821,0.284457,10.106549,11.511834,7.6604205,8.5688336,7.2607146,8.0717183,6.8640644,9.5041447,-4.3384901,-3.2831885,-3.9134893,-3.3270042,-3.537394,-3.5234834,-3.8415689,-3.8189234,-20.983879,10.277622,9.1661353,5.703177,-1.2289164,28.048907,-24.740655,-8.2935541
-3.6675062,0.97473961,0.59959127,3,7,0,6.9578652,0.66329077,5.1425214,0.19687992,-0.50463041,0.68148381,0.68507755,-0.90431526,1.3560917,0.44724194,-0.22396503,1.67575,4.1678358,-3.9871698,2.963242,-1.9317819,4.1863167,7.6370211,-0.48845418,-5.1669135,-3.294951,-3.6934306,-3.3841702,-3.1215225,-3.3587868,-3.7584803,-4.0499916,-4.2498689,12.918042,9.6161135,3.6973279,-1.1417744,5.620595,0.18681628,-12.662659
-11.053279,0.34113377,0.76812308,2,3,0,17.683118,4.1270202,0.89097861,-1.9443218,1.1433348,-2.4086165,-0.74342421,1.5704692,1.0747827,0.079545388,-0.22674601,2.3946711,1.9809944,5.5262747,4.1978934,5.1457071,3.4646451,5.0846286,3.9249943,-5.0839507,-3.4026658,-3.8335143,-3.3492793,-3.3493095,-3.3419349,-4.0555577,-3.9099364,16.954066,3.5438505,-4.2065415,-7.5330256,14.635043,13.264989,10.426912,-15.959
-9.3028262,0.94256807,0.40953275,3,7,0,16.180896,5.2109365,4.5005015,1.7632641,-0.74518558,1.468071,-1.0803593,-2.6499137,-0.95313976,0.20266318,0.28527343,13.146509,11.817992,-6.715004,6.1230225,1.8572277,0.34877762,0.92132957,6.49481,-4.1172692,-3.294409,-3.7184828,-3.3200119,-3.1665566,-3.3185862,-4.6799285,-3.8560805,10.072046,11.204621,-19.059904,-7.7069401,-9.2096826,4.3638884,-0.8965533,-24.18337
-9.6998053,0.98962234,0.50173621,3,7,0,12.471266,2.2768156,2.1761028,-0.86681443,0.31334404,-1.2289982,0.73594899,2.6362199,1.9805547,-0.018603506,-0.074454681,0.39053832,-0.39761072,8.0135011,2.2363325,2.9586844,3.8783163,6.5867063,2.1147946,-5.3209496,-3.574123,-3.9284359,-3.4106046,-3.2128988,-3.3510681,-3.87284,-3.9601086,3.950249,2.4310699,-6.4058178,0.55980955,-3.3861033,4.9766408,13.005759,19.459681
-6.8327301,0.60527856,0.65515064,3,7,0,15.737746,0.59614908,7.7798744,-0.25788043,-0.23925403,-0.29053368,0.15694947,2.1642387,0.29670053,-0.45173374,-0.21902965,-1.4101283,-1.6641665,17.433655,-2.9182827,-1.2652172,1.8171962,2.9044419,-1.1078741,-5.5491124,-3.6885042,-4.5070238,-3.723331,-3.1165973,-3.3195934,-4.360903,-4.074459,1.3051053,-2.9589188,1.5625289,-2.1444697,15.526796,-0.26696676,-7.9541961,-47.389829
-6.7171108,1,0.50426354,3,7,0,9.8920543,2.0197244,8.164674,2.0393539,-0.1496475,1.6619672,0.3599107,-1.6016678,1.6795135,0.77926293,0.49347961,18.670384,15.589145,-11.057371,8.3821522,0.79790138,4.9582779,15.732404,6.0488246,-3.8204148,-3.5094993,-3.8183265,-3.3247278,-3.1361165,-3.3815775,-3.2472336,-3.8639654,21.045472,30.263052,1.4019425,1.5470699,5.528719,7.1505107,3.7529703,42.103966
-5.903894,0.48879726,0.66701007,3,7,0,9.9466058,1.5506233,3.2012915,1.0087609,-0.22838847,0.52571379,0.30994883,-0.73005124,2.2420432,0.59710012,1.4925097,4.7799611,3.2335864,-0.78648354,3.4621149,0.81948525,2.5428599,8.7280572,6.3285821,-4.8251448,-3.3351171,-3.7010969,-3.3685554,-3.1365985,-3.3266702,-3.6513682,-3.8589476,-1.1168493,13.32575,13.601303,-1.9555674,2.6328052,11.484145,6.5974401,7.5382959
-6.2684651,0.98623601,0.43840092,3,7,0,10.479406,4.7252161,5.4232509,-0.66553078,1.2377951,-0.2820035,-0.40555076,0.16429622,1.7455292,-1.0028653,0.92543497,1.1158757,3.1958403,5.6162357,-0.71357391,11.438089,2.5258126,14.191659,9.7440821,-5.2331135,-3.3369234,-3.8365263,-3.5626984,-4.0711388,-3.3264541,-3.2940409,-3.8171639,-37.238592,24.12503,2.5848478,5.9362862,-5.2336941,-20.152211,3.7728259,57.925234
-6.8426963,0.85559921,0.56854925,3,7,0,9.6218208,4.7373516,4.9291693,1.5707059,-1.3891628,0.64142402,0.33101373,-0.44919373,-1.4167664,0.97176364,-0.76111067,12.479627,7.8990392,2.5231996,9.5273391,-2.1100671,6.3689743,-2.2461297,0.98570824,-4.162282,-3.2215746,-3.7511088,-3.3432282,-3.1237696,-3.435949,-5.2710525,-3.9965242,13.169945,1.0825609,4.3849269,2.4656745,1.9945192,6.3908691,-4.0185313,-8.2251986
-6.8634632,0.99389934,0.61662704,3,7,0,11.404209,2.1125153,1.9938231,0.85041729,-0.47020773,0.90072497,0.51370165,-0.14873096,-2.0162909,0.59373499,-0.8529978,3.8080969,3.9084016,1.8159721,3.2963179,1.1750043,3.1367455,-1.9076119,0.41178864,-4.9275402,-3.3052295,-3.7368272,-3.3735167,-3.1453646,-3.3357003,-5.2030887,-4.0165428,-2.0298378,7.649097,1.6259792,-9.1140819,-1.6457079,26.206628,9.2804933,20.115498
-5.3783276,0.42102642,0.80641997,3,7,0,9.2826542,4.6832509,1.5981053,-0.34849017,-1.2460645,-0.14616454,0.53643005,0.21631335,0.43040778,1.1848903,-1.3704816,4.1263269,4.4496646,5.0289424,6.5768304,2.6919086,5.5405226,5.3710878,2.493077,-4.8935493,-3.284548,-3.8174333,-3.3175738,-3.2003001,-3.4020253,-4.0189707,-3.948788,-27.024274,-7.2332281,-15.518837,2.7762887,-2.2461363,12.83208,2.5724254,18.455931
-7.7827137,0.82175862,0.48522212,3,7,0,14.938912,7.5486486,2.4192166,-0.82961055,0.37141019,-1.7856768,0.062466109,1.2572403,0.17724018,1.1067147,1.4210621,5.541641,3.2287096,10.590185,10.226031,8.4471703,7.6997677,7.977431,10.986506,-4.7478285,-3.3353497,-4.052256,-3.3598391,-3.667083,-3.5023168,-3.7237831,-3.8108954,13.503777,6.3435021,-8.7889929,-11.725298,18.533092,16.156495,13.408329,-19.302008
-7.57387,0.99477996,0.50263709,3,7,0,11.181318,2.8123992,5.4918335,1.8017052,-0.69077333,2.3608876,-0.41628935,0.14119152,0.055600268,-0.42745247,-1.3259883,12.707064,15.778001,3.5877995,0.46490141,-0.98121287,0.52620742,3.1177466,-4.4697078,-4.1467085,-3.5240101,-3.7762911,-3.4933111,-3.1161653,-3.3177614,-4.328931,-4.2279079,-40.021548,5.3090062,-8.3353586,21.323722,-8.5278402,-16.986724,11.316715,-26.525349
-6.1277524,0.99146551,0.328602,3,15,0,10.608316,-1.3340097,3.5182746,1.8079294,0.39823244,0.22384983,-0.74176453,-0.44156121,0.97715614,-0.55741221,-0.92856903,5.0267823,-0.54644457,-2.8875433,-3.2951389,0.067081317,-3.943741,2.1038939,-4.6009706,-4.7998081,-3.5867322,-3.691552,-3.7548085,-3.1231919,-3.4178279,-4.4849546,-4.2346069,-2.2708862,5.0995763,3.9082502,-7.5282286,6.2244675,12.654145,-4.0693766,9.7270608
-6.1277524,0,4.6543218,0,1,1,10.536056,-1.3340097,3.5182746,1.8079294,0.39823244,0.22384983,-0.74176453,-0.44156121,0.97715614,-0.55741221,-0.92856903,5.0267823,-0.54644457,-2.8875433,-3.2951389,0.067081317,-3.943741,2.1038939,-4.6009706,-4.7998081,-3.5867322,-3.691552,-3.7548085,-3.1231919,-3.4178279,-4.4849546,-4.2346069,-5.394392,-2.2818549,-0.41200272,1.0560381,3.7762153,2.9683686,-4.1195868,-25.847772
-6.4637615,0.86772195,0.78297662,3,7,0,10.617842,10.439652,2.6887214,-1.544108,-0.462422,-0.25721639,-0.12814371,0.21121136,0.24560231,0.47595075,-1.1983196,6.2879758,9.7480688,11.007541,11.719351,9.1963281,10.095109,11.100008,7.2177043,-4.6745709,-3.2368023,-4.0747522,-3.408868,-3.757923,-3.6586562,-3.4595731,-3.844604,-5.6755139,4.3076204,6.4909856,-11.340992,11.650781,0.42258067,-7.259287,-9.3296175
-11.555886,0.43913613,0.77769366,3,7,0,17.699826,7.6804482,10.52773,1.1984956,1.0732083,-1.0953122,1.9893403,-0.090749063,0.36693983,0.27453625,-0.34782636,20.297887,-3.8507034,6.7250666,10.570692,18.978895,28.623686,11.543492,4.0186262,-3.7588166,-3.9237195,-3.8762478,-3.3695191,-5.5800906,-6.4700074,-3.4299561,-3.9076164,24.950604,-0.98036152,23.222213,5.2345437,29.453301,25.202848,-2.2372929,56.180926
-9.6780096,1,0.24993829,4,15,0,14.409375,1.9610071,0.26329808,0.14213744,-1.404309,2.3534483,-0.53095326,-1.1006683,0.49809994,-0.19278984,-0.82252594,1.9984316,2.5806655,1.6712032,1.9102459,1.5912552,1.8212081,2.0921558,1.7444376,-5.1293922,-3.3683696,-3.7341447,-3.4238817,-3.1576113,-3.3196205,-4.4868212,-3.9716198,-6.7264432,9.8266669,22.701965,8.8720868,2.4862332,22.022829,-4.393072,-5.155859
-6.8141781,0.98758453,0.40562841,3,7,0,13.181782,0.70974548,1.8538318,-0.55417914,-0.93718637,1.604927,-1.3260465,-0.43695494,0.34890987,1.2591965,-0.11719766,-0.31760945,3.6850103,-0.10029549,3.044084,-1.0276405,-1.7485217,1.3565657,0.49248073,-5.4089599,-3.3146193,-3.7079497,-3.3815002,-3.1161678,-3.3480502,-4.6065432,-4.0136668,-7.6416704,1.8795057,1.7714389,9.4858129,-12.631168,-11.683506,8.6912297,17.823128
-9.2192934,0.67973877,0.68085808,3,7,0,11.875371,9.2745246,4.8537877,1.9422929,0.87183475,-1.9785319,-0.67631796,-1.094908,1.0270909,-1.1578048,0.11297965,18.702002,-0.32884908,3.9600735,3.6547859,13.506225,5.9918208,14.259806,9.8229039,-3.819106,-3.5683723,-3.7861418,-3.3630754,-4.4151173,-3.4198019,-3.2914689,-3.8166247,7.1680727,-1.18595,20.152844,14.454009,-2.7694007,2.0320816,25.170209,13.276031
-7.6090444,0.89837456,0.45619213,3,7,0,14.371354,2.1908565,0.28924055,-1.2251703,0.49955025,-0.17428292,-0.26855704,-0.37503727,-1.7514349,-0.73553961,0.3755918,1.8364876,2.1404468,2.0823805,1.9781086,2.3353467,2.1131789,1.6842705,2.2994929,-5.1481651,-3.3931954,-3.7419776,-3.4210462,-3.1848331,-3.3219543,-4.5525388,-3.9545261,1.4165113,3.0927841,0.86200652,5.7589943,3.3618171,11.039545,14.132476,35.871259
-6.5216927,0.82982437,0.60972882,3,7,0,16.369535,5.5321736,2.3890613,-0.78503034,0.030033191,-1.3849133,-0.75097209,-1.1862851,1.8323412,-0.78836994,-0.25942063,3.656688,2.2235309,2.6980658,3.6487095,5.6039248,3.7380553,9.909749,4.9124019,-4.9438706,-3.3883616,-3.7549412,-3.3632435,-3.3853719,-3.3478129,-3.5487844,-3.886832,9.9526709,7.6263004,-2.9230411,-13.582719,-5.0280611,-1.4361738,22.290583,-6.2929584
-8.2995919,0.95246908,0.66451055,3,7,0,12.087756,3.8011845,1.8341345,0.3301365,-0.15459279,1.5577732,1.7831646,1.5942354,-1.0821582,0.49802489,1.0389411,4.4066992,6.65835,6.7252265,4.7146291,3.5176405,7.0717482,1.8163608,5.7067421,-4.863975,-3.2305237,-3.8762539,-3.3384161,-3.2421451,-3.4691732,-4.5310745,-3.8704293,2.4095561,11.882277,25.871676,-11.672104,2.6802511,9.3116964,9.1719427,-10.153644
-7.031748,0.22743517,1.0738245,3,11,0,17.545263,4.1123618,2.8460021,1.1848212,-1.1977837,0.14079108,-1.5686729,1.5444166,0.64218141,0.82448913,-1.2997892,7.4843654,4.5130535,8.5077748,6.4588596,0.70346689,-0.3520846,5.9400114,0.41315886,-4.5623027,-3.2823176,-3.9501774,-3.3180439,-3.1340755,-3.3243881,-3.9487402,-4.0164938,-14.073425,-4.6185373,29.815444,8.7284754,-2.04938,11.784988,-4.3511801,6.4920504
-4.2533603,0.99954712,0.17621339,4,15,0,10.310251,8.8604093,4.44954,0.091068623,-1.6461603,-0.25042677,-0.6105377,0.39850266,0.55941433,-0.41451487,0.60054317,9.2656228,7.7461254,10.633563,7.0160088,1.5357533,6.1437974,11.349546,11.53255,-4.4069374,-3.2218459,-4.0545625,-3.3168349,-3.1558547,-3.4261671,-3.4426663,-3.8096475,5.6373753,6.2746694,-15.853519,3.8261899,5.7006593,20.117407,-6.1391089,-3.6208263
-7.028443,0.94927324,0.33325636,3,7,0,9.5975601,10.968151,8.622298,-0.96113408,-1.582492,-0.95811385,-0.54968269,0.47542387,0.043219021,0.46903029,0.23643116,2.6809667,2.707008,15.067397,15.01227,-2.6765666,6.2286232,11.340798,13.006731,-5.051552,-3.3616024,-4.3290875,-3.5821085,-3.1335142,-3.4298028,-3.4432485,-3.8108743,1.4778681,7.3661083,8.3372117,2.4631764,-6.8657696,-4.7836128,3.9156634,34.69654
-7.1214436,0.99349005,0.53755946,3,7,0,9.9805115,-1.3664539,4.5331341,1.8857293,1.1845751,1.1583484,0.090915021,-1.2156383,0.83202999,-0.58231976,1.0022625,7.1818096,3.8844949,-6.8771053,-4.0061875,4.0033836,-0.95432395,2.4052496,3.1769362,-4.5900933,-3.3062105,-3.7208865,-3.8173965,-3.270693,-3.3326164,-4.4375048,-3.9294437,3.1664566,6.12376,-17.586768,-7.7986515,1.8862825,-21.896983,-0.21308929,41.669893
-7.1214436,0.019605565,0.9925631,2,3,0,13.778835,-1.3664539,4.5331341,1.8857293,1.1845751,1.1583484,0.090915021,-1.2156383,0.83202999,-0.58231976,1.0022625,7.1818096,3.8844949,-6.8771053,-4.0061875,4.0033836,-0.95432395,2.4052496,3.1769362,-4.5900933,-3.3062105,-3.7208865,-3.8173965,-3.270693,-3.3326164,-4.4375048,-3.9294437,13.965813,4.5169279,-4.1766736,10.655178,8.4014724,-14.84165,-11.763446,16.823229
-8.4221155,0.99899053,0.089110356,6,63,0,11.994375,6.9930299,0.11767944,-0.62784231,0.54147387,0.23164434,0.02635526,-1.5326899,-0.72830294,0.27794997,-1.4615982,6.9191457,7.0202897,6.8126638,7.0257389,7.0567502,6.9961313,6.9073236,6.8210298,-4.6145497,-3.2263228,-3.8795905,-3.3168365,-3.5168497,-3.4654024,-3.836761,-3.8507019,-10.030359,10.242383,18.187202,-1.4064963,-9.7605729,10.217564,11.682252,28.565753
-15.302247,0.97562865,0.16853525,4,15,0,19.14049,-1.012166,0.06529908,-2.1149487,-2.8978878,-0.3329454,1.0806673,-0.70586022,0.39446855,0.084777843,1.0020176,-1.1502702,-1.033907,-1.058258,-1.0066301,-1.2013954,-0.94159943,-0.98640757,-0.94673518,-5.515296,-3.629581,-3.6988912,-3.5817352,-3.1164135,-3.3324115,-5.023942,-4.06798,2.4268959,-6.7685513,-5.1976751,-4.9502843,4.0594984,-17.264148,-4.0759931,9.5745666
-8.6667102,0.98514032,0.29457192,4,15,0,24.953005,8.1654038,2.2284723,2.1963684,1.7343194,1.159926,-0.72896697,0.49639615,0.46759992,0.35166687,0.88789182,13.05995,10.750267,9.2716088,8.9490836,12.030287,6.5409211,9.2074372,10.144046,-4.1230001,-3.2593435,-3.985653,-3.3325319,-4.1642394,-3.4437008,-3.6080694,-3.814626,18.171312,9.0577292,22.522625,-0.36395233,17.808095,-4.8477684,-13.011064,-8.489462
-7.9201672,0.94844758,0.5259968,3,7,0,12.519901,3.6077521,6.1546688,-0.74541804,-1.95237,-1.2331245,-0.37984562,-0.10136785,0.075334369,-0.40022299,1.6378292,-0.980049,-3.9817206,2.9838666,1.1445122,-8.4084387,1.2699282,4.0714102,13.688048,-5.493307,-3.9393318,-3.7614621,-3.4585145,-3.4549592,-3.3171349,-4.1915517,-3.8137077,15.604745,-4.2852089,17.050359,10.241611,-2.5768901,-1.0342958,-7.1539193,7.6761512
-4.2591793,0.60997881,0.83401588,2,7,0,9.9761816,4.7819171,3.6950674,-0.67438329,0.13074693,-0.65806891,0.31533786,-0.67656039,0.03537849,0.5635112,1.3354453,2.2900254,2.3503081,2.2819809,6.864129,5.2650359,5.9471118,4.912643,9.7164777,-5.0958838,-3.3811187,-3.7460181,-3.3169101,-3.3584512,-3.4179657,-4.0779182,-3.8173573,3.2471408,-1.5736319,20.273785,-16.793914,7.4982448,26.282603,19.278962,-2.4270363
-5.5344138,0.39676756,0.47866026,3,7,0,14.185028,3.0523042,12.722584,-0.12488899,0.22505684,-1.0908061,-0.62731452,-0.22730778,0.36124347,-0.36158892,0.72658325,1.4633935,-10.825568,0.16036186,-1.5480412,5.9156086,-4.9287574,7.6482546,12.29632,-5.1918587,-4.9935336,-3.7110348,-3.6187719,-3.4113831,-3.4620824,-3.7573168,-3.8094458,5.1058881,-26.209818,-16.1641,-5.9467324,6.2772079,-6.5991428,8.0206929,-8.1352848
-11.459306,0.86569797,0.14766386,5,31,0,18.142029,10.714895,0.0049645498,0.45571616,0.089109063,0.98601686,0.093340622,0.15615692,-0.24322115,0.35915057,-1.0223669,10.717158,10.719791,10.715671,10.716678,10.715338,10.715359,10.713688,10.70982,-4.290759,-3.2585099,-4.0589484,-3.3739152,-3.96338,-3.7068677,-3.4869753,-3.8118791,21.986569,12.023461,7.3640011,15.682645,16.862756,32.304219,-14.462937,9.8030025
-11.472678,0.98781552,0.1837833,4,31,0,17.919181,7.9014443,0.0057350318,-0.58422246,-0.25114831,0.11045501,1.206969,0.60431127,-0.47600448,-1.0752606,-1.338837,7.8980938,7.9020778,7.9049101,7.8952777,7.900004,7.9083663,7.8987144,7.893766,-4.524959,-3.2215716,-3.9237871,-3.3201459,-3.6051142,-3.5140467,-3.7317035,-3.8353306,2.277657,-0.94334235,34.474847,10.48,17.54578,12.28304,11.279766,-5.0325146
-8.1487239,0.97616955,0.32511974,4,15,0,14.941053,6.0356333,19.636621,0.72067643,0.068714999,0.28803514,-1.0115516,-1.2844404,0.37804786,1.1717191,1.1238116,20.187283,11.69167,-19.186435,29.044237,7.3849637,-13.827822,13.459216,28.103496,-3.7626299,-3.2896658,-4.2032473,-5.324885,-3.5501607,-4.225364,-3.3246172,-4.2094995,52.637173,-3.7338084,23.85315,-2.8301857,11.048745,-20.157442,20.696916,7.7491368
-5.2895022,0.2989074,0.55093542,3,7,0,16.925588,7.5099906,6.6246413,1.5710448,-1.6308243,0.58055551,-0.86977569,-0.45453804,-0.29608028,0.058244688,1.061979,17.917599,11.355963,4.4988391,7.8958407,-3.2936351,1.7480386,5.5485649,14.54522,-3.8528883,-3.2778361,-3.8013565,-3.32015,-3.148637,-3.319146,-3.9967148,-3.8193074,24.758997,16.167694,-3.7786529,-8.2565177,7.4029865,8.9907344,5.6904867,-11.046263
-3.3921494,0.99941019,0.1336434,5,31,0,8.1438224,5.0421486,4.8787843,0.0099414302,-1.0894608,0.96910628,-0.20188999,0.43025603,0.18992862,0.54639665,-0.56574817,5.0906507,9.7702092,7.141275,7.7079001,-0.27309553,4.0571709,5.9687694,2.2819854,-4.793296,-3.2371918,-3.8923973,-3.3189046,-3.1194248,-3.3554549,-3.9452762,-3.9550507,-14.681576,15.557588,4.3867869,18.800855,11.879638,7.910889,13.524332,-18.933622
-3.6654947,0.96666288,0.241618,4,15,0,7.313988,5.7614592,3.4347737,-0.47170704,-1.3420625,0.15534305,-0.27714782,0.25211286,1.0140694,0.58286952,-0.32453185,4.1412523,6.2950274,6.6274098,7.7634841,1.1517783,4.8095191,9.2445579,4.6467657,-4.8919662,-3.2360583,-3.8725566,-3.3192425,-3.1447443,-3.3768026,-3.6048125,-3.8927517,-3.103335,-4.52954,11.224071,20.806658,-8.8452711,-8.7227365,7.8217347,7.4599919
-10.926545,0.85684557,0.39450639,3,7,0,12.395902,1.0414472,3.8128322,-1.0156953,-0.86773057,-1.4764563,-0.35424449,1.6662478,1.6430592,0.96909405,-2.1199419,-2.8312285,-4.5880328,7.3945707,4.7364402,-2.2670639,-0.30922761,7.3061562,-7.0415355,-5.7393546,-4.0138165,-3.9025567,-3.3380061,-3.1260733,-3.3239168,-3.7933151,-4.3688474,-1.5975097,10.812481,-1.1953685,0.81084699,-6.2100242,-7.9772545,8.43885,-10.405298
-11.783166,0.9321238,0.4705299,3,7,0,14.754496,8.2707415,7.7858169,1.6594217,0.58698826,1.7139405,0.22649199,-1.7638178,-0.60313731,-0.39498162,2.2255618,21.190695,21.615168,-5.4620213,5.1954869,12.840925,10.034167,3.5748248,25.598558,-3.7300257,-4.1483877,-3.7033662,-3.3302895,-4.2987014,-3.6540907,-4.261952,-4.0946819,-4.7640901,12.607706,12.497586,9.5074089,15.992601,-6.5934674,1.8427643,39.693371
-7.6518108,1,0.68886873,3,7,0,13.906609,11.746671,8.257693,0.19360813,-0.2562875,-0.33093975,-0.29656551,-0.93414167,-0.48418356,-1.243096,-1.8118555,13.345427,9.0138721,4.0328158,1.4815654,9.6303274,9.297724,7.7484317,-3.2150755,-4.1042254,-3.2266633,-3.7881298,-3.4426731,-3.8137178,-3.6013471,-3.7469969,-4.1665611,25.853327,7.775827,32.981859,-3.4685396,0.80703752,-1.6147221,-2.5544376,-41.193737
-6.6554122,0.69598792,1.2068769,2,3,0,12.090699,-0.99738104,0.68423156,0.30421702,-0.2792694,-0.47081106,1.0456218,0.74371335,0.8888445,0.41447339,-0.67185396,-0.78922616,-1.3195248,-0.4885089,-0.71378526,-1.188466,-0.28193363,-0.38920558,-1.4570847,-5.4688099,-3.6557913,-3.7038468,-3.5627118,-3.1163824,-3.3236245,-4.912338,-4.088775,1.5555889,7.5587746,-0.84678215,-9.1377806,7.3210836,-2.014057,2.6667836,17.749684
-7.4296556,0.72847566,0.91742714,2,5,0,12.139503,2.7499093,0.45427021,1.5325604,-0.73743715,0.40652149,-0.3738443,0.91986511,1.4879739,0.36941328,0.90317469,3.4461058,2.9345799,3.1677766,2.9177227,2.4149136,2.580083,3.4258515,3.1601946,-4.9667526,-3.349816,-3.765827,-3.3856974,-3.1881485,-3.3271506,-4.2835527,-3.9299,32.511802,7.8562519,3.5500958,-11.778588,6.4714242,8.3490088,24.0238,6.0473919
-4.1508451,0.66668331,0.76460076,2,3,0,8.684263,6.488813,4.4372944,0.34590602,-0.74676565,0.23793617,1.4951043,0.5370163,0.83451749,0.14916268,0.00042828009,8.0236998,7.5446058,8.8717124,7.1506917,3.1751939,13.123031,10.191813,6.4907134,-4.5137722,-3.2225605,-3.9667959,-3.3169276,-3.2237696,-3.9241391,-3.5263626,-3.8561502,16.617124,18.867758,0.04772175,-15.389686,-1.0453997,4.6734807,5.6002394,29.582033
-4.6636007,0.96017119,0.54184158,3,7,0,7.5601926,4.3987238,5.3160193,0.42946579,0.30768963,0.74737495,-1.8389264,-0.97059371,-0.09634189,-0.040413574,0.092927478,6.6817722,8.3717834,-0.76097115,4.1838844,6.0344078,-5.3770443,3.8865684,4.8927281,-4.636915,-3.2222147,-3.7013188,-3.3496045,-3.4216131,-3.484878,-4.2174684,-3.8872629,-19.035601,4.0485948,-9.8609799,6.1544842,5.116648,-22.672483,-12.780181,27.762852
-4.6636007,5.070257e-124,0.8404786,1,1,0,8.8281122,4.3987238,5.3160193,0.42946579,0.30768963,0.74737495,-1.8389264,-0.97059371,-0.09634189,-0.040413574,0.092927478,6.6817722,8.3717834,-0.76097115,4.1838844,6.0344078,-5.3770443,3.8865684,4.8927281,-4.636915,-3.2222147,-3.7013188,-3.3496045,-3.4216131,-3.484878,-4.2174684,-3.8872629,-17.261222,7.7818345,-13.630643,-4.8022961,5.1091523,-26.959347,23.065786,4.0829357
-4.549505,0.99361349,0.10368032,5,31,0,10.005407,5.1947591,1.5989722,0.33121292,-0.73668119,0.95093556,0.50886312,-1.4355514,-0.20968822,0.013914319,-0.23454688,5.7243593,6.7152786,2.8993524,5.2170077,4.0168264,6.0084171,4.8594735,4.8197252,-4.7296647,-3.2297762,-3.7595006,-3.3299704,-3.2715245,-3.4204877,-4.0848908,-3.8888726,16.141449,13.477946,0.17222142,0.7703496,15.079578,18.871676,16.868255,16.375123
-4.5482975,0.99189581,0.17654299,5,31,0,8.8609175,6.3707982,0.91741748,0.87536345,-1.1395141,-0.41354501,0.24287994,-0.18744009,-0.28274407,0.51080865,-0.022547643,7.173872,5.9914048,6.1988374,6.839423,5.3253881,6.5936205,6.1114039,6.3501126,-4.5908279,-3.2416959,-3.856798,-3.3169404,-3.3631417,-3.4461255,-3.9282172,-3.8585714,5.5291889,-10.734755,1.5004106,-14.841193,-6.9588189,27.184855,-9.5218075,-15.210382
-5.7672487,0.96170274,0.2967845,3,15,0,11.950015,7.1019766,0.80044185,1.1495658,-1.4024945,-0.26809814,0.97278106,0.11150271,-0.10038994,0.36963553,-0.28819156,8.0221372,6.8873797,7.1912281,7.3978484,5.9793613,7.8806313,7.0216203,6.871296,-4.513911,-3.2277132,-3.894381,-3.3174879,-3.4168513,-3.5124664,-3.8241477,-3.8499023,31.885161,9.928495,2.4996363,21.605122,1.4078364,4.728285,19.679866,-10.3393
-8.6158543,0.89180963,0.45798193,3,7,0,12.596936,1.7100984,2.2862962,1.4368077,-0.17627183,1.5574536,-1.3280262,1.3047412,-1.4212771,-0.46389885,1.0258154,4.9950663,5.2708987,4.6931232,0.64948817,1.3070887,-1.3261628,-1.5393621,4.0554162,-4.8030487,-3.2587636,-3.8071213,-3.4834826,-3.149019,-3.3391934,-5.130457,-3.9067122,3.9777472,4.4911304,5.9122613,-10.89938,-15.791589,-24.28646,-9.7984025,2.0924088
-5.8687714,1,0.58747403,3,7,0,11.866735,1.9283239,5.4239695,0.87570517,-0.18143759,0.45174185,-0.84067898,1.4480099,-0.07661862,1.8543009,0.23349161,6.6781221,4.378558,9.7822853,11.985996,0.944212,-2.6314932,1.5127469,3.1947753,-4.6372609,-3.2870978,-4.0106421,-3.4195617,-3.1394962,-3.3713286,-4.5806712,-3.9289584,-20.135913,9.4763133,30.269903,24.107596,-7.1271267,-0.58924279,-8.1089075,3.4748191
-4.6857678,0.94541891,0.98706413,2,3,0,8.0772422,5.0497107,7.2056846,1.9859878,-0.12101529,0.15038568,-1.0088928,-1.2400058,1.0822673,-0.39073191,-0.70983363,19.360113,6.1333424,-3.8853798,2.2342198,4.1777127,-2.2200527,12.848187,-0.06512653,-3.7928724,-3.2389457,-3.6930583,-3.4106878,-3.281649,-3.3596798,-3.3542295,-4.0339512,29.489855,9.7167418,-13.197433,-6.8159438,6.1254002,-22.198548,0.12625812,0.0037745492
-4.6857678,2.8622685e-25,1.434857,1,1,0,7.0047068,5.0497107,7.2056846,1.9859878,-0.12101529,0.15038568,-1.0088928,-1.2400058,1.0822673,-0.39073191,-0.70983363,19.360113,6.1333424,-3.8853798,2.2342198,4.1777127,-2.2200527,12.848187,-0.06512653,-3.7928724,-3.2389457,-3.6930583,-3.4106878,-3.281649,-3.3596798,-3.3542295,-4.0339512,24.016314,6.1868971,8.6129681,15.352438,-19.827049,-24.644387,21.842104,19.870319
-4.0647904,0.99907801,0.19653298,4,15,0,7.0621797,2.0892622,4.2747813,-0.45274722,-0.50730197,-0.076089095,0.62018986,1.1775524,0.11588473,0.64415104,0.29803046,0.15386687,1.763998,7.1230414,4.8428671,-0.079342726,4.7404383,2.5846441,3.3632773,-5.3501157,-3.4159622,-3.8916756,-3.336062,-3.1213953,-3.3746474,-4.4096896,-3.9244229,13.35529,1.5950797,3.5831635,25.245705,-11.215908,25.449374,-12.052137,36.973388
-4.4478457,0.97829322,0.32828708,3,15,0,6.5091704,-0.63588277,3.7081665,0.74595615,-0.6224894,-0.58639004,-0.10375956,0.49150517,-0.22258251,0.38357557,0.26303389,2.1302468,-2.8103147,1.1867003,0.78647933,-2.9441771,-1.0206405,-1.4612558,0.33949071,-5.1141979,-3.8058381,-3.7257625,-3.4763703,-3.1394954,-3.3337057,-5.115226,-4.0191366,-3.1553589,7.6396775,-33.371554,3.9288788,15.990778,11.213717,6.0637401,6.2218519
-7.7024667,0.89700535,0.51720117,3,7,0,11.048266,10.359609,0.79548728,-1.1931794,-1.2816085,1.0937132,-0.39471442,-0.86841946,0.42699635,-0.5568463,0.25832033,9.4104504,11.229644,9.6687929,9.9166453,9.3401062,10.045619,10.69928,10.5651,-4.3949251,-3.2736766,-4.0050005,-3.351986,-3.7761495,-3.6549463,-3.4880262,-3.8124877,-8.9504093,3.4299586,33.652014,12.791856,14.286611,27.120073,12.477987,2.4910019
-6.281776,0.64649132,0.66392312,3,7,0,11.724606,-1.3303421,8.2076933,1.622151,0.51113263,-0.40691466,1.042578,1.1773821,-0.046740857,0.52641183,0.48923472,11.983776,-4.6701729,8.3332495,2.9902847,2.8648777,7.226818,-1.7139768,2.6851464,-4.1970319,-4.02419,-3.9423916,-3.3832711,-3.2083685,-3.4770539,-5.164728,-3.9432092,18.871738,-5.0051597,7.2195555,-7.4116539,10.315211,15.746598,6.894127,16.193715
-11.461014,0.68073616,0.46290888,3,7,0,16.802236,-1.6216436,1.9607791,0.28276754,-0.071178124,0.47636147,1.9155176,0.51530024,1.8210364,-1.1449627,-2.4207654,-1.0671989,-0.68760398,-0.61125365,-3.8666626,-1.7612082,2.1342632,1.9490065,-6.3682298,-5.5045488,-3.5988959,-3.702672,-3.8047857,-3.1197399,-3.3221501,-4.5096956,-4.3299768,-1.3338453,-3.490355,-3.5426197,2.9136542,5.5812901,-16.410078,-6.5834946,-7.6984201
-9.3134438,0.99390868,0.35220351,4,15,0,17.806595,9.3395472,3.4182737,1.3216197,-0.32212503,-0.080618713,-1.9418097,-0.78948503,-1.0308325,1.4835823,1.7327339,13.857205,9.0639704,6.6408713,14.410838,8.2384357,2.7019101,5.8158796,15.262506,-4.0714746,-3.2271838,-3.8730632,-3.5437781,-3.6430069,-3.3288028,-3.9637876,-3.8257361,17.271534,18.648114,25.73259,-3.8935069,-6.2699999,1.3108341,8.4049173,-17.003931
-5.8149675,0.97633686,0.56835291,3,7,0,12.384354,-0.27399151,2.5457412,-0.70246709,0.1319753,1.0519751,-0.42939088,-0.3157949,0.92559487,-1.23042,-0.58678404,-2.0622909,2.4040649,-1.0779236,-3.4063222,0.061983442,-1.3671095,2.0823335,-1.7677918,-5.6353028,-3.3780961,-3.6987428,-3.7643195,-3.1231249,-3.3399876,-4.4883842,-4.101829,14.07073,13.863906,-3.1647609,-4.1553341,-13.272258,12.81157,8.6540745,-0.28147867
-6.0730867,0.88180813,0.87395939,2,3,0,9.6963263,7.2366282,0.80035226,-0.27022013,0.13944251,0.37493735,0.54138205,-0.95912295,0.66278041,-1.3039546,-1.1319948,7.0203569,7.5367102,6.468992,6.1930052,7.3482314,7.6699246,7.767086,6.3306337,-4.6050897,-3.2225968,-3.866648,-3.3195249,-3.5463666,-3.5006681,-3.7450863,-3.8589117,9.4851862,11.772208,13.652365,3.9323974,1.1547331,6.417794,27.200235,-3.0702763
# Adaptation terminated
# Step size = 0.484647
# Diagonal elements of inverse mass matrix:
# 14.3226, 1.10514, 0.905576, 1.11053, 1.06551, 0.853454, 0.809881, 0.724045, 1.05017, 0.627786
-6.0405333,0.96243166,0.48464719,3,7,0,10.858318,2.4723308,6.3481239,0.50510866,0.081030177,-0.17120795,0.10194477,0.83089606,-0.14824353,1.4670019,2.0426686,5.6788232,1.3854815,7.7469619,11.785041,2.9867204,3.1194888,1.5312625,15.439444,-4.7341775,-3.4402829,-3.9171077,-3.4114479,-3.2142738,-3.3353968,-4.5776202,-3.8275661,6.4746336,15.672515,30.177694,-3.2563423,-5.612464,4.6817392,-7.4224567,35.687696
-11.120893,0.53574136,0.48464719,3,7,0,16.209517,8.8943909,2.4207013,-1.0864749,0.55589029,-0.60016363,-0.30130743,0.2525725,-1.288906,-0.048110218,3.2355841,6.2643596,7.441574,9.5057935,8.7779304,10.240035,8.1650156,5.7743345,16.726774,-4.6768511,-3.2230828,-3.996986,-3.3298959,-3.8960297,-3.528972,-3.9688581,-3.8437893,7.4560726,10.546587,1.2991582,25.257606,8.0455041,16.14617,10.01445,25.082008
-8.2812899,0.9681493,0.48464719,4,15,0,18.616278,1.7251452,3.7383253,2.1143798,-1.6073042,1.0205754,0.62106605,-0.4954971,2.1538867,-0.25688104,-1.1434093,9.6293848,5.5403881,-0.12718414,0.76484034,-4.2834809,4.0468922,9.7770742,-2.5492907,-4.3769432,-3.2517721,-3.7076465,-3.4774835,-3.182714,-3.3551956,-3.5596062,-4.1359798,-20.544103,4.9143268,1.4790588,5.8634052,3.2149694,2.0177111,3.1070383,-41.982435
-7.3734265,0.64817344,0.48464719,3,7,0,17.096503,2.1406232,7.2073499,0.90937127,-1.045247,2.4018148,0.15407786,-0.69957812,1.2756423,-0.15270852,-1.1782286,8.6947801,19.451343,-2.9014811,1.0399994,-5.3928378,3.2511163,11.334623,-6.3512828,-4.4551921,-3.8771899,-3.6915462,-3.4636173,-3.2352805,-3.337774,-3.4436598,-4.3290164,-4.3893021,4.7292396,-8.0690075,-7.5840022,3.7056167,2.3700374,-7.6694166,4.0308783
-7.3753539,0.34760463,0.48464719,3,7,0,13.534082,4.8194393,1.2511119,0.50755182,-0.057014738,2.1703322,-0.44647816,-1.4892127,0.24192375,1.4093781,-0.0069197468,5.4544435,7.5347678,2.9562675,6.582729,4.7481075,4.2608451,5.122113,4.8107819,-4.756549,-3.2226058,-3.7608185,-3.3175533,-3.3201183,-3.3607723,-4.0507235,-3.8890709,-7.5659694,5.6174331,-15.838484,-3.6168992,5.2829247,8.9664315,4.2604919,13.772203
-6.3059842,0.9924663,0.48464719,3,7,0,12.008466,2.9195566,1.6140622,0.34954934,-0.14189629,-1.5185666,0.67177679,1.1536568,1.2752867,-0.84754219,0.77926845,3.4837509,0.46849566,4.7816303,1.5515708,2.6905271,4.0038461,4.9779485,4.1773443,-4.9626476,-3.5051414,-3.8097963,-3.4395007,-3.2002371,-3.3541193,-4.0693927,-3.9037454,18.211111,3.8539191,0.93529299,-7.2747822,-8.9815874,-2.6772986,15.038737,-9.4076735
-9.529099,0.92581324,0.48464719,3,7,0,13.588865,2.7840481,2.6947373,1.8355991,0.88443852,-0.44008881,2.2730761,0.2158403,1.7771188,-0.77077243,1.4230536,7.7305055,1.5981244,3.365681,0.70701885,5.1673776,8.909391,7.5729164,6.6188036,-4.5399941,-3.4264437,-3.7706716,-3.4804768,-3.3509566,-3.5753399,-3.765144,-3.8539974,33.384954,2.2141853,-8.5175653,-7.4060039,-5.0207237,18.657997,-11.57673,22.340816
-9.6995378,0.99586807,0.48464719,3,7,0,15.158925,7.2560444,3.4903783,-1.7264576,-1.1188542,0.69288222,-2.3886129,-0.390544,-1.0760482,1.0428184,0.35491346,1.2300541,9.6744654,5.8928981,10.895875,3.3508198,-1.081118,3.5002291,8.4948266,-5.2194999,-3.2355428,-3.8459875,-3.3795522,-3.2330127,-3.3347307,-4.2727404,-3.8282705,15.57592,-2.5422,4.4809731,16.440205,4.0556935,-0.82460723,7.11163,0.21645287
-5.2331298,0.99393229,0.48464719,3,7,0,12.134066,5.1812704,2.9278964,-0.46309114,0.17121994,-0.92054759,-1.248908,-1.2958945,0.87256167,-0.41149616,0.99187372,3.8253875,2.4860024,1.3870256,3.9764522,5.6825846,1.5245972,7.7360405,8.0853739,-4.9256818,-3.3735445,-3.7291171,-3.35461,-3.3918232,-3.317971,-3.7482679,-3.8329589,20.573128,-8.091564,0.41748019,-5.5273369,-7.3741591,8.8572525,15.283648,0.99364165
-5.0584264,0.94305349,0.48464719,3,7,0,10.47005,6.9076154,3.3106994,-0.38983079,-1.8025445,1.1170106,-0.26838307,0.5549202,-0.079210987,-0.10620248,0.65077961,5.6170029,10.605702,8.7447894,6.5560109,0.93993246,6.0190798,6.6453717,9.0621511,-4.7403189,-3.255472,-3.9609415,-3.3176484,-3.1393936,-3.4209295,-3.8661615,-3.8226297,25.63161,5.9448057,20.78153,14.952844,2.1581886,21.665606,-0.52405613,31.322296
-4.8001739,0.84432538,0.48464719,3,7,0,10.021079,2.826338,1.907379,0.72686667,0.95176353,-1.0183315,-0.71754644,-0.48331711,1.1733746,0.40121145,0.13736422,4.2127482,0.88399392,1.9044691,3.5916003,4.6417117,1.457705,5.0644079,3.0883436,-4.8843962,-3.4747113,-3.7385074,-3.3648387,-3.3126379,-3.3176995,-4.0581713,-3.9318683,2.4210135,12.57685,-0.085219176,13.252503,12.803195,-1.5731984,13.586156,12.942709
-5.0582887,0.93942732,0.48464719,3,7,0,10.598176,3.8843349,2.2904529,-0.22617739,-1.0424312,1.4945797,1.1530673,0.31248976,-0.38011005,-0.037221924,-0.18165356,3.3662862,7.3075993,4.600078,3.7990798,1.4966954,6.5253812,3.0137107,3.468266,-4.9754773,-3.2239207,-3.8043421,-3.3591722,-3.1546414,-3.4429902,-4.344468,-3.9216413,3.2566988,10.767278,6.2167711,2.999436,12.52925,16.288279,-3.6673227,-29.069102
-3.2782197,0.98717318,0.48464719,3,7,0,7.1797099,5.6759911,3.9613737,0.72680342,-0.56709426,-1.1087664,0.35445975,-0.45619671,0.50246076,-0.39228947,-0.24970674,8.555131,1.2837531,3.8688254,4.1219859,3.4295188,7.0801386,7.6664259,4.6868094,-4.4672175,-3.4470635,-3.7836772,-3.3510609,-3.2372782,-3.4695945,-3.7554374,-3.8918454,11.104626,4.6598551,-2.3127019,6.9233511,6.2259131,1.582173,7.1814905,11.488418
-6.954055,0.8385548,0.48464719,3,7,0,9.8525238,2.9495442,4.3952739,0.013830642,0.67317064,1.855666,-0.59145678,-0.70839849,0.51732853,0.30810129,-2.0208856,3.0103336,11.105705,-0.16406124,4.3037338,5.9083135,0.34992959,5.2233448,-5.9328019,-5.0147297,-3.2697506,-3.7072354,-3.3468745,-3.4107606,-3.3185801,-4.0377382,-4.305584,7.653935,5.3011212,9.5010986,-10.635761,11.844575,-14.506271,18.768156,21.96124
-5.668308,0.99284838,0.48464719,3,7,0,9.8226612,3.916743,2.8941356,0.19982102,-1.2780894,-0.42524956,1.778124,1.0105721,0.19049594,-0.46551438,0.41019283,4.4950521,2.6860131,6.8414757,2.5694812,0.21777888,9.062875,4.4680641,5.1038967,-4.8547278,-3.3627159,-3.8806965,-3.3979474,-3.1253173,-3.58547,-4.1370901,-3.8826996,-8.8064639,4.7107516,1.2182158,-4.7610752,6.9155669,18.260563,-2.4796338,1.852953
-5.6403774,0.9516661,0.48464719,3,7,0,10.072215,6.8833365,7.2026412,0.45952005,0.55072979,0.56657751,-1.9607211,-1.1324745,0.62931625,0.31321707,-0.39919893,10.193095,10.964191,-1.2734708,9.1393267,10.850046,-7.2390337,11.416076,4.0080499,-4.331624,-3.2654558,-3.6973493,-3.3357459,-3.9829753,-3.5973366,-3.4382639,-3.9078771,28.160309,-8.2808158,12.588953,-1.9316017,17.958045,5.0263933,9.0257319,14.529271
-7.0973664,0.98715706,0.48464719,3,7,0,9.1614575,4.2100356,1.0267031,0.05198216,-1.0220762,-0.23200342,2.3072548,0.96696627,0.19326606,-0.54116648,0.51308441,4.2634059,3.971837,5.2028229,3.6544183,3.1606669,6.5789012,4.4084625,4.736821,-4.8790463,-3.3026541,-3.8229458,-3.3630855,-3.2230221,-3.4454459,-4.1451731,-3.8907204,-5.9902233,8.9883686,6.1391284,-5.1655243,-9.020977,-2.422221,3.4479982,40.14146
-5.8771683,0.30029374,0.48464719,3,7,0,14.33336,3.45568,2.2683001,0.38048998,-0.99216284,0.065267757,1.6066948,0.079850625,1.0751207,-1.4619541,0.52885306,4.3187455,3.6037269,3.6368052,0.13952954,1.205157,7.1001459,5.8943764,4.6552774,-4.873215,-3.3181597,-3.7775569,-3.5113216,-3.1461799,-3.4706015,-3.9542542,-3.8925587,5.8086952,3.204015,17.940484,17.622324,-7.0600801,5.1078493,14.424862,-1.2348198
-8.9855685,0.88078386,0.48464719,3,7,0,13.458578,6.4767549,6.0019843,-0.8566045,-0.88984701,-0.422503,0.0277651,-1.9735621,1.3918098,-1.9841016,1.2501789,1.3354282,3.9408986,-5.3685335,-5.4317914,1.1359072,6.6434006,14.830375,13.980309,-5.2069874,-3.3039051,-3.7024842,-3.9554678,-3.1443242,-3.448437,-3.2717562,-3.8153622,22.876386,-11.297644,-15.627121,-3.9466573,-3.2111485,20.004736,24.531644,9.5729567
-7.8750239,0.33995136,0.48464719,3,7,0,15.460701,8.8336601,0.91755135,0.87862764,-2.0781643,0.55467493,-0.79288239,-0.43746541,0.5558438,-1.2775278,0.48502528,9.639846,9.3426028,8.4322631,7.6614627,6.9268376,8.1061498,9.3436753,9.2786957,-4.3760893,-3.2305365,-3.9467941,-3.3186418,-3.504032,-3.5255006,-3.5961834,-3.8207385,6.8145015,19.980479,4.13076,10.980817,3.412185,-6.8810386,1.0191309,17.374405
-9.3562202,0.82568058,0.48464719,3,7,0,14.419441,11.144827,2.8600809,0.31621316,-1.7259256,-2.2356239,-0.84252844,-1.1534997,-0.50696946,-1.0161571,0.58016413,12.049223,4.7507624,7.8457249,8.238536,6.2085406,8.735128,9.6948538,12.804144,-4.1923827,-3.2743114,-3.9212729,-3.3231725,-3.4369227,-3.5640743,-3.5664009,-3.8103082,13.84776,14.001897,11.889542,1.5675353,8.8294638,-1.1953641,-11.144771,22.509192
-8.2644719,0.93472234,0.48464719,3,7,0,15.574798,5.555534,1.1150156,-2.3014861,-0.18976586,-0.01940704,0.85387138,-0.28848114,-1.7343348,-0.28259144,0.34973711,2.9893411,5.5338948,5.233873,5.2404401,5.3439421,6.5076139,3.6217235,5.9454963,-5.0170622,-3.251932,-3.8239426,-3.3296274,-3.3645927,-3.4421801,-4.2551978,-3.8658798,-6.4209483,14.37396,-6.3664068,12.820383,30.858293,12.529921,-0.51809497,31.828179
-8.3337566,0.91912347,0.48464719,3,7,0,13.931334,7.9304737,0.28323119,1.5689194,-1.728032,1.0147813,0.080551434,0.59582284,-0.30120304,0.2070402,-0.29117485,8.3748406,8.2178914,8.0992293,7.9891139,7.4410411,7.9532883,7.8451636,7.8480039,-4.4828707,-3.221761,-3.9321384,-3.3208766,-3.5559852,-3.5166198,-3.7371271,-3.8359138,11.373093,8.2492581,9.378325,14.368326,-3.5211604,-3.0153603,9.829996,-11.833404
-11.008796,0.99614748,0.48464719,3,15,0,15.85648,3.7249863,0.028886601,2.2176234,-0.79919409,0.2267064,0.84379196,1.1718165,0.43712593,0.75543354,0.53428603,3.7890459,3.7315351,3.7588361,3.7468082,3.7019003,3.7493606,3.7376134,3.74042,-4.9295894,-3.3126226,-3.7807496,-3.3605663,-3.2526314,-3.3480693,-4.238602,-3.9145891,3.6275309,11.673822,32.513711,17.725259,9.7098991,-1.1429375,21.591126,-28.665219
-7.2677336,0.82140219,0.48464719,3,7,0,15.751348,1.6264253,8.0021705,-0.58246712,-1.2354465,1.6368026,-1.2246677,-0.75471089,0.062299577,0.49344417,-0.27494554,-3.0345759,14.724399,-4.4129,5.5750496,-8.2598285,-8.1735742,2.1249571,-0.57373584,-5.7673107,-3.4476113,-3.6954263,-3.3252242,-3.4415033,-3.6645795,-4.4816086,-4.05329,32.484648,24.046538,13.599636,-7.2800237,-21.456762,18.981964,9.3494539,-2.8721803
-3.9082239,1,0.48464719,3,7,0,8.3345157,4.4824297,3.0054094,-0.22821545,-0.58449469,1.3498014,-0.26474577,-0.52911111,0.83379052,-0.49910552,-0.69481229,3.7965488,8.5391355,2.8922342,2.9824132,2.7257838,3.6867602,6.9883115,2.3942343,-4.9287822,-3.222977,-3.7593367,-3.3835322,-3.2018512,-3.3466631,-3.82781,-3.9517034,3.5936884,16.883413,16.115177,23.027698,16.111852,2.6031473,7.8765871,-20.193722
-4.5925538,0.98813618,0.48464719,3,7,0,6.6354585,4.0989579,6.2872585,-0.13347161,-0.7871343,-0.32662127,-1.3021309,0.90493635,1.2927463,-0.44779697,0.77714072,3.2597874,2.0454056,9.7885266,1.2835427,-0.84995885,-4.0878757,12.226788,8.9850425,-4.9871623,-3.3988096,-4.0109538,-3.4518664,-3.1163021,-3.4238027,-3.3881735,-3.823338,4.7763064,-8.6460876,21.444467,22.636612,-2.430169,22.983874,6.0776749,1.9210997
-6.955914,0.76454464,0.48464719,3,7,0,12.336783,6.7962176,2.5173518,-1.2024994,-0.63729816,1.0355648,-0.76290491,-0.50043673,1.9866717,0.69675897,-1.0771431,3.7691036,9.4030986,5.5364423,8.550205,5.191914,4.8757176,11.797369,4.0846696,-4.9317362,-3.2313671,-3.8338531,-3.3267641,-3.3528285,-3.3789048,-3.4138868,-3.9059962,-12.016692,19.734247,1.2156904,-0.33840063,-9.7003689,-1.4838918,23.959781,39.018289
-6.4176306,0.90530011,0.48464719,3,7,0,14.214523,2.3472157,2.036551,0.3103713,-0.93002093,-0.69679104,-1.2136632,-1.3415032,1.0621659,-1.3874911,0.27326214,2.9793027,0.92816527,-0.384824,-0.47848065,0.45318071,-0.12447114,4.5103708,2.903728,-5.0181783,-3.4715779,-3.704885,-3.5479399,-3.1291985,-3.3220587,-4.1313741,-3.9369988,9.9579191,6.7481611,4.5936458,-8.5328688,-1.0971081,17.324432,2.9563794,-32.767855
-8.304503,0.93997952,0.48464719,3,7,0,11.164746,6.1440168,1.5367072,0.90438531,0.75003204,0.13467867,0.88970852,1.5042865,-0.37776681,2.4200882,-0.036341435,7.5337922,6.3509785,8.4556647,9.8629838,7.2965964,7.5112383,5.5634998,6.0881706,-4.5578013,-3.23512,-3.9478402,-3.3507044,-3.5410613,-3.4920248,-3.9948563,-3.8632451,-8.163333,18.521735,-9.6866596,16.361405,7.8055654,14.806397,11.980247,-9.3649881
-5.176049,0.93999571,0.48464719,3,7,0,10.016212,0.37375841,13.713145,1.2578983,-0.24984977,0.049839633,-0.73218707,-1.5594226,0.87873334,-0.53665968,-0.054182099,17.623501,1.0572165,-21.010831,-6.9855337,-3.0524678,-9.6668293,12.423956,-0.36924858,-3.8662593,-3.4625348,-4.3251015,-4.1250782,-3.142167,-3.7870042,-3.3769849,-4.0454188,33.802766,2.5605417,-16.308553,-9.1610544,6.6294276,-15.181839,15.554011,6.4916847
-8.9079798,0.85068351,0.48464719,3,7,0,13.81734,13.595381,5.6806793,2.338372,0.074483828,0.18474552,-1.0076674,-1.0858338,0.035723911,-0.12100697,0.018321423,26.878922,14.644861,7.4271074,12.907979,14.0185,7.8711456,13.798317,13.699459,-3.6297817,-3.4422945,-3.9038799,-3.4610661,-4.50848,-3.5119274,-3.3097943,-3.8137673,14.369363,12.12758,43.438207,27.821419,5.3337599,-5.259952,34.059394,37.188355
-7.3240381,0.84769353,0.48464719,3,7,0,13.330516,4.199345,1.1816651,1.878405,0.5004032,-0.10515792,-1.6763914,-0.70141471,-0.85178711,-0.97410019,0.31742066,6.4189905,4.0750836,3.3705078,3.0482849,4.790654,2.2184119,3.192818,4.5744299,-4.6619664,-3.2985485,-3.7707916,-3.3813629,-3.3231488,-3.3229682,-4.3177868,-3.8944015,-8.5920823,-6.3812052,-8.0005523,-3.1081238,3.074766,-14.333261,-4.61864,-7.1195931
-8.1275661,0.42564606,0.48464719,3,7,0,19.298462,1.6368119,0.50617919,-0.61199797,-0.71778384,0.62210475,0.83117668,0.41004074,2.3977293,0.522503,0.28866382,1.3270313,1.9517084,1.844366,1.9012921,1.2734847,2.0575363,2.8504926,1.7829275,-5.2079826,-3.4044328,-3.737363,-3.4242587,-3.1480689,-3.3214552,-4.3690615,-3.9704038,10.538037,7.9190454,36.746382,-9.9536495,8.2902085,-12.467285,0.2101242,-30.140411
-11.21931,0.94467101,0.48464719,3,7,0,16.302194,5.2448159,0.2388663,0.97912091,1.1135875,1.2059999,-1.692942,0.95711636,2.3033952,-0.90236585,-0.10210332,5.4786949,5.5328886,5.4734387,5.0292711,5.5108144,4.8404291,5.7950194,5.2204269,-4.7541203,-3.2519568,-3.83176,-3.3328825,-3.3778341,-3.3777797,-3.9663314,-3.8802402,5.8471079,4.5356785,-12.670395,6.1556736,4.5899505,17.401265,4.2034202,-34.324529
-9.2241325,1,0.48464719,3,7,0,15.510488,3.6728812,1.4045063,-1.4544817,0.20135863,-0.62321959,-0.64367356,-0.64178975,-2.5062302,0.75453067,-0.93797929,1.6300525,2.7975654,2.7714835,4.7326243,3.9556907,2.7688377,0.15286529,2.3554834,-5.1722646,-3.3568503,-3.7565859,-3.3380776,-3.2677611,-3.3297627,-4.8141247,-3.9528546,-9.5598617,10.69402,12.550173,6.0316614,1.7189821,16.772015,-9.0852995,24.36072
-8.6943455,0.95146277,0.48464719,3,7,0,15.42175,0.19754975,1.0840753,-1.1884874,-0.58803816,-1.5909837,-0.72027657,0.48612765,0.32681484,1.8330346,-0.68951635,-1.0908601,-1.5271965,0.72454875,2.1846973,-0.43992792,-0.58328432,0.55184166,-0.54993793,-5.5076068,-3.675361,-3.7186215,-3.4126484,-3.1180994,-3.3271924,-4.7437148,-4.0523673,15.119274,4.6199294,-13.864108,8.6416511,14.831884,4.9396745,17.003301,-10.57472
-9.3729895,0.92021835,0.48464719,3,7,0,15.231897,11.391651,3.3421304,1.4694721,0.08796097,1.7717504,0.065469801,-0.45121128,0.29098857,-1.4702967,1.4333009,16.302818,17.313072,9.8836437,6.4777273,11.685628,11.610459,12.364172,16.181929,-3.9310422,-3.6551901,-4.0157231,-3.3179609,-4.1095282,-3.782048,-3.3803364,-3.8362988,11.372246,27.507407,-7.9795211,27.099741,12.980703,8.4992464,1.2923691,12.786211
-7.2737901,0.87874434,0.48464719,3,7,0,12.606645,-2.9774745,8.3697618,0.60988039,-0.71179412,-0.85424792,-0.58363129,0.57705173,0.53469601,0.95064915,-0.6725783,2.1270791,-10.127326,1.852311,4.9792325,-8.9350217,-7.8623293,1.4978038,-8.6067946,-5.1145622,-4.8645234,-3.7375134,-3.3337078,-3.5048333,-3.6413829,-4.583136,-4.4646189,-29.704842,-4.0368452,32.009935,0.34605269,-5.1778966,-12.083456,-4.2979111,3.986138
-7.3603655,0.95693719,0.48464719,3,7,0,10.881651,11.036213,1.438305,-0.19329343,-0.024133042,1.8678764,0.5557498,-0.83823996,0.4635751,-0.22528595,0.24649234,10.758198,13.722788,9.8305679,10.712183,11.001502,11.83555,11.702975,11.390744,-4.2876104,-3.3852752,-4.0130575,-3.3737772,-4.0052745,-3.8019956,-3.4197863,-3.8098831,2.7238248,20.800713,-11.02741,9.3794843,13.723248,-7.5426477,15.618134,32.931458
-7.4286471,0.95486486,0.48464719,3,7,0,11.620636,1.2213353,0.8996839,1.167795,0.75548908,-0.084251434,-1.3033612,0.94283102,-0.55636523,-1.3818976,-0.60147935,2.2719817,1.1455357,2.0695852,-0.021935651,1.9010367,0.048722236,0.72078249,0.68019404,-5.0979464,-3.456442,-3.7417239,-3.5205841,-3.1681138,-3.3205732,-4.7143804,-4.0070541,22.411377,3.8278504,-7.464083,-0.013964274,-9.3457751,-6.7618605,5.5690338,-8.7994324
-6.0870967,0.88650804,0.48464719,3,7,0,13.945799,1.103784,0.84315444,0.12794445,0.51583607,-0.026530105,-1.0329862,-0.38642698,0.24376772,-1.5918659,-0.46357617,1.211661,1.0814151,0.77796642,-0.23840475,1.5387135,0.23281716,1.3093179,0.71291774,-5.221689,-3.4608577,-3.7194043,-3.53334,-3.1559475,-3.3192659,-4.614418,-4.0059125,9.3728738,9.0410138,11.717677,13.119763,11.956794,-3.3582957,4.9403371,13.986097
-3.0200363,0.91660832,0.48464719,3,7,0,11.583105,5.8489681,5.199997,0.43753653,-0.0099910298,0.00071775262,0.85691477,0.18877742,0.025013754,0.6719618,0.24474613,8.1241567,5.8527004,6.8306101,9.3431674,5.7970148,10.304922,5.9790395,7.1216472,-4.5048757,-3.2445781,-3.880279,-3.3395215,-3.4013447,-3.6746089,-3.9440411,-3.8460361,26.559164,-4.4476029,13.800896,11.316832,8.304934,16.740452,-3.6821567,-15.491943
-6.6604104,0.87474071,0.48464719,3,7,0,8.3380119,4.2940383,1.7187396,-0.16163621,0.3995212,-0.48433496,-2.4630463,0.43618629,-0.18575245,0.40675372,0.99524816,4.0162277,3.4615926,5.0437289,4.993142,4.9807112,0.060702873,3.9747782,6.0046107,-4.9052584,-3.3245093,-3.8178975,-3.3334763,-3.3369588,-3.3204796,-4.2050579,-3.8647805,8.2979085,9.4634993,6.8868014,-5.9961872,3.9517091,4.275266,-8.3495766,5.7265979
-5.1701256,0.88439589,0.48464719,3,7,0,11.643779,2.7789988,6.7958231,0.43186941,-0.87285573,0.4940763,1.8469886,-0.66285161,0.5223937,0.27580994,-0.63479672,5.7139069,6.136654,-1.7256235,4.6533544,-3.1527742,15.330807,6.329094,-1.5349673,-4.7306997,-3.2388839,-3.6946992,-3.339589,-3.1447707,-4.1654785,-3.9025739,-4.0920192,3.6858931,-1.098071,12.615786,-12.275858,-6.8196891,16.744874,2.8112585,24.131151
-5.958362,0.92532316,0.48464719,3,15,0,10.187239,7.3749571,4.4753928,0.032947584,-0.13954164,0.72815978,-0.7957685,-1.7977052,1.6085092,-0.75395865,1.0182742,7.5224105,10.633758,-0.67047989,4.000696,6.7504534,3.8135805,14.573668,11.932134,-4.5588369,-3.256207,-3.7021262,-3.3540066,-3.4869627,-3.3495455,-3.2802224,-3.8093174,14.053625,18.200974,-7.3636771,-16.947686,-2.1631412,3.4792969,17.70466,-9.7978295
-7.1907853,0.80233689,0.48464719,3,7,0,11.77925,3.699616,0.63586139,2.0822163,-0.90462321,0.48382167,0.54246139,-1.0745923,0.9122664,-0.015433609,-0.31185751,5.0236169,4.0072595,3.0163242,3.6898023,3.124401,4.0445462,4.279691,3.5013178,-4.8001314,-3.3012335,-3.7622229,-3.3621124,-3.2211673,-3.3551365,-4.162758,-3.9207726,8.794792,-7.7930007,-8.2833335,12.81545,8.9140683,7.9825125,0.97050462,-5.01165
-8.4111493,0.99794268,0.48464719,3,7,0,12.259984,3.7772431,0.23961516,0.62752848,0.43349303,-0.32096379,-0.66181543,1.3100645,-0.48780842,0.18375989,-2.1438143,3.9276085,3.7003353,4.0911545,3.8212748,3.8811146,3.6186621,3.6603568,3.2635527,-4.9147221,-3.3139592,-3.7897391,-3.3585871,-3.2632327,-3.3451701,-4.2496505,-3.9270966,11.725113,-8.6412186,2.0344875,10.25121,9.5387403,-23.263431,7.9768056,36.686976
-7.4475259,0.9583548,0.48464719,4,15,0,14.137208,3.6434601,4.5582699,1.2355421,-1.5425765,1.0013229,-1.4868792,-1.5296591,0.94132786,0.037095901,1.7240971,9.2753945,8.2077601,-3.3291387,3.8125532,-3.3880198,-3.1341367,7.9342866,11.50236,-4.406124,-3.2217394,-3.6917388,-3.3588165,-3.1513646,-3.3874581,-3.7281166,-3.8096925,7.518303,-5.5993435,9.174867,-6.5457998,-1.1695721,-12.809763,-6.009133,22.989675
-5.2366819,0.94979087,0.48464719,3,7,0,13.106308,4.2150799,4.554888,-0.077343852,0.60005886,-0.50952897,0.16474403,1.6026127,0.86337673,0.3698432,1.3412009,3.8627873,1.8942325,11.514801,5.8996743,6.9482808,4.9654705,8.1476642,10.3241,-4.9216666,-3.4079256,-4.1030106,-3.3218368,-3.5061333,-3.381813,-3.7068662,-3.8136446,10.996786,12.10608,1.810776,5.415384,25.366638,1.3910335,1.6592772,0.47389995
-5.3371454,0.96782,0.48464719,3,7,0,7.9234867,1.8413774,7.4297377,0.18282028,0.84984716,0.38225044,0.53016125,1.0033557,1.5200359,0.65029107,1.5473322,3.1996842,4.6813979,9.2960473,6.6728694,8.1555189,5.7803364,13.134846,13.33765,-4.9937791,-3.2765892,-3.9868257,-3.317276,-3.6335923,-3.411262,-3.3398723,-3.8120716,3.9747459,9.1192174,-8.8076901,-0.69441167,11.554613,-4.1119322,-3.742832,-9.5278179
-5.3371454,4.2196283e-11,0.48464719,2,3,0,11.074947,1.8413774,7.4297377,0.18282028,0.84984716,0.38225044,0.53016125,1.0033557,1.5200359,0.65029107,1.5473322,3.1996842,4.6813979,9.2960473,6.6728694,8.1555189,5.7803364,13.134846,13.33765,-4.9937791,-3.2765892,-3.9868257,-3.317276,-3.6335923,-3.411262,-3.3398723,-3.8120716,6.1126768,-2.5112751,9.5809223,-12.838724,11.814984,-1.2805983,2.805348,20.349945
-6.6224459,0.92924437,0.48464719,3,7,0,10.259959,-1.0298655,6.9227338,2.5316083,-1.2507336,0.73839035,0.98126401,-0.030820254,0.49774087,0.47347657,0.076499065,16.495785,4.0818143,-1.2432259,2.2478867,-9.688361,5.7631641,2.415862,-0.50028284,-3.9210931,-3.2982845,-3.6975551,-3.4101503,-3.5821361,-3.4105848,-4.4358504,-4.0504477,20.173591,-0.27936375,27.281155,20.665094,1.6936332,3.4442892,20.818421,30.194723
-12.835496,0.44980012,0.48464719,3,7,0,18.317978,13.688207,0.41574003,-2.4896678,0.90938872,-0.6108754,-1.1749698,0.010682645,-0.045364251,-0.57613942,-0.54137835,12.653152,13.434242,13.692648,13.448683,14.066276,13.199725,13.669347,13.463134,-4.1503793,-3.3691785,-4.2357548,-3.4886747,-4.5173525,-3.9318474,-3.3152964,-3.8126139,18.667791,21.849307,23.66285,4.2441796,3.5590945,-1.107821,4.0216973,19.972724
-12.650166,1,0.48464719,3,7,0,17.939257,11.213009,0.36436939,-2.9767604,0.9614583,0.13605883,-1.05015,0.31965792,0.48583103,-0.081920712,-1.152473,10.128369,11.262585,11.329483,11.18316,11.563335,10.830367,11.390031,10.793083,-4.3367558,-3.2747459,-4.0925704,-3.389143,-4.090468,-3.7161566,-3.4399821,-3.8115582,19.319337,14.525734,5.0530295,17.01089,3.9235538,6.2797015,20.13746,2.8874138
-5.5654709,1,0.48464719,3,7,0,15.739038,4.8595183,3.7699612,-1.4577937,0.078468772,0.79163684,0.64296893,0.9620137,-0.048133006,0.87069416,0.50887032,-0.6363073,7.8439585,8.4862727,8.1420016,5.1553426,7.2834863,4.6780588,6.7779397,-5.4492956,-3.2216454,-3.9492117,-3.3222229,-3.3500411,-3.4799834,-4.1088942,-3.8513935,-22.655286,-8.7822636,5.1619896,11.707746,10.93297,23.058275,-2.8415091,13.101959
-12.258166,0.71544295,0.48464719,3,7,0,15.541342,1.4654368,1.1648152,0.79285461,-0.20636166,-3.2179635,0.33984282,-0.80298215,1.74345,1.0550095,-1.3749554,2.3889659,-2.2828961,0.53011099,2.6943279,1.2250636,1.8612909,3.4962338,-0.1361321,-5.0846,-3.7502134,-3.7158665,-3.3934405,-3.1467243,-3.3198992,-4.2733198,-4.036603,24.340235,-3.9839095,-0.87177932,-6.3660664,4.7173083,4.804753,24.618964,5.1726924
-7.5977612,1,0.48464719,3,7,0,13.924385,3.4723262,6.9806972,0.4196164,0.51950433,2.4269592,-0.080573342,0.89065742,0.1640029,-0.72497197,1.1237114,6.4015412,20.414193,9.6897359,-1.5884836,7.0988286,2.9098681,4.6171808,11.316615,-4.6636408,-3.9920846,-4.0060378,-3.6216357,-3.521046,-3.3319065,-4.1170229,-3.810031,8.0425681,44.070862,-2.0983249,6.344251,12.426404,32.918448,3.2381881,4.4509829
-7.6139026,0.44074011,0.48464719,3,7,0,11.549698,3.815612,0.10952273,-0.6471602,-0.53997332,-1.3822126,0.69787724,-0.26688182,0.58046356,-0.0083444029,1.0465133,3.7447332,3.6642283,3.7863823,3.8146981,3.7564726,3.8920454,3.8791859,3.930229,-4.934362,-3.3155182,-3.7814784,-3.35876,-3.2558176,-3.3513955,-4.2185106,-3.909806,13.934559,-6.5052285,3.5806563,3.0639058,23.478658,-2.1089784,5.8382944,18.012991
-5.6810098,0.95004978,0.48464719,3,7,0,11.637525,5.047981,3.1098667,0.54987056,-1.1958676,1.8280198,0.21953722,0.19930738,-0.64023625,-0.65016165,0.96218359,6.7580051,10.732879,5.6678004,3.0260649,1.3289922,5.7307125,3.0569316,8.0402437,-4.6297051,-3.2588668,-3.838267,-3.3820907,-3.1496459,-3.4093117,-4.3380001,-3.8335073,10.876603,10.401151,-1.777025,-2.4448486,10.83178,6.460455,17.072874,8.4646765
-5.0889311,0.98346203,0.48464719,3,7,0,7.9451282,5.1366456,9.7667418,0.11200037,0.80288685,-0.88127068,-0.47268894,-0.57896251,1.0012077,0.77756967,0.83960231,6.2305243,-3.4704976,-0.51793177,12.730968,12.978234,0.52001482,14.915183,13.336825,-4.6801222,-3.8793852,-3.7035598,-3.4525528,-4.3222806,-3.3177858,-3.2691041,-3.8120682,14.831432,7.1520508,-3.5847589,20.14548,18.701416,12.081761,0.74499802,14.69441
-7.9592898,0.90849783,0.48464719,3,7,0,10.329275,4.3307397,2.1666167,0.78337559,-0.99457254,1.7768631,-0.43575455,-1.2036054,0.73246913,-0.16529262,-2.2327223,6.0280143,8.1805209,1.7229881,3.972614,2.1758822,3.3866266,5.9177195,-0.50671362,-4.6998069,-3.2216866,-3.7350949,-3.354706,-3.1784238,-3.3403709,-3.9514311,-4.0506959,10.600665,7.1407457,-7.9433786,10.353874,-9.8984186,12.085028,2.3078244,-22.736882
-8.2173875,0.99760011,0.48464719,3,7,0,10.825266,4.9929029,2.0988702,0.26965284,-0.69505656,0.93378591,-0.53142186,-1.5302698,-0.78556205,0.27286381,-2.5600013,5.5588692,6.9527983,1.7810653,5.5656086,3.5340694,3.8775174,3.3441101,-0.38020748,-4.7461095,-3.2270068,-3.7361729,-3.3253358,-3.243063,-3.3510491,-4.2954992,-4.0458374,-1.9273016,14.371445,8.2369243,1.937885,-0.16138615,5.0610737,12.675528,49.353503
-7.3742681,0.9712808,0.48464719,3,7,0,13.979773,4.5757093,1.2193925,0.6663171,0.33968718,-1.4486809,1.5489074,1.6489336,-0.23988238,-0.69184739,0.41447338,5.3882114,2.8091987,6.5864066,3.7320758,4.9899213,6.4644353,4.2831985,5.081115,-4.7631954,-3.3562457,-3.8710179,-3.3609633,-3.3376394,-3.4402225,-4.1622768,-3.8831852,21.80489,-4.7156941,7.1266586,8.003662,5.3769475,7.1714175,1.4320766,19.802738
-5.8170646,0.99070548,0.48464719,3,7,0,11.344403,5.6379837,7.1052692,1.0883576,-0.21857061,0.71705574,0.67489507,1.4639328,-0.68737731,-0.07403884,0.86650886,13.371058,10.732858,16.039621,5.1119179,4.0849807,10.433295,0.75398294,11.794762,-4.1025575,-3.2588662,-4.399549,-3.3315646,-3.2757744,-3.6845489,-4.7086491,-3.8093753,-1.1724955,12.892714,27.617676,21.556738,7.2262429,9.1811306,6.4898906,23.229368
-5.5757056,0.98142844,0.48464719,3,7,0,8.1356784,3.1014338,2.0419623,-0.27655912,-0.63606963,-0.15672628,-1.45739,-1.1513938,1.6165103,-0.14253016,-0.44495788,2.5367105,2.7814046,0.75033105,2.8103926,1.8026036,0.12549827,6.4022869,2.1928466,-5.0678312,-3.3576923,-3.7189979,-3.3893661,-3.1646482,-3.3199939,-3.8940584,-3.9577366,-7.8054236,-4.2844467,-5.8269662,-6.3589079,10.353353,-5.265952,-13.594794,-10.246264
-6.566343,0.53320315,0.48464719,3,7,0,13.544851,2.5202974,0.76246023,0.52376398,-1.899938,-0.75791389,0.89616641,0.36302037,-0.40384369,-0.581674,0.21882556,2.9196466,1.9424182,2.797086,2.0767941,1.0716703,3.2035887,2.2123827,2.6871432,-5.0248201,-3.4049951,-3.7571644,-3.4169906,-3.1426558,-3.3368991,-4.4677679,-3.9431518,-6.8754585,8.9879322,32.143659,-2.4494151,-1.7737751,-5.1328398,-10.06973,2.8418111
-9.1543232,0.87461525,0.48464719,3,7,0,13.494579,1.0719467,2.6491926,-0.33825527,-1.1172949,2.0814535,0.90775703,-0.50784577,2.5851806,-0.42653129,-0.76096038,0.17584337,6.5861178,-0.27343452,-0.058016789,-1.8879827,3.4767699,7.9205879,-0.94398385,-5.3473969,-3.2315189,-3.7060471,-3.5226834,-3.1210305,-3.3421825,-3.7294964,-4.06787,19.448188,11.484749,34.229642,-3.4462971,3.3188216,13.093895,5.1203854,-19.336141
-5.6544339,0.97835026,0.48464719,3,7,0,11.125309,7.2614047,1.6735086,0.79214061,0.4484458,-0.68284913,-1.1433228,0.25241519,-1.4176754,0.3380347,0.36762294,8.5870588,6.1186508,7.6838237,7.8271086,8.0118826,5.3480442,4.8889128,7.8766248,-4.4644605,-3.239221,-3.9144649,-3.3196607,-3.6174843,-3.3949557,-4.0810267,-3.8355483,10.46468,9.2181661,10.590322,34.273177,9.8811059,14.729672,-11.582502,6.6856466
-4.6481445,0.99727522,0.48464719,3,7,0,8.3259811,0.93883417,8.2695826,0.28134857,-0.31592303,0.89611678,-0.38519641,-0.23875851,2.4873791,0.26366754,0.10768414,3.2654694,8.3493458,-1.0355991,3.1192547,-1.6737174,-2.2465793,21.508421,1.829337,-4.9865376,-3.2221338,-3.6990641,-3.379066,-3.1189649,-3.3603887,-3.2830687,-3.9689436,-4.5971284,0.87435912,2.3476233,20.030191,0.677629,0.13686784,19.860074,-4.3552751
-4.6481445,1.9707806e-05,0.48464719,2,3,0,15.054003,0.93883417,8.2695826,0.28134857,-0.31592303,0.89611678,-0.38519641,-0.23875851,2.4873791,0.26366754,0.10768414,3.2654694,8.3493458,-1.0355991,3.1192547,-1.6737174,-2.2465793,21.508421,1.829337,-4.9865376,-3.2221338,-3.6990641,-3.379066,-3.1189649,-3.3603887,-3.2830687,-3.9689436,9.0391039,-8.6539094,14.83622,-2.7498992,-10.707708,-3.4382488,9.8757511,7.8451628
-8.3620052,0.59046233,0.48464719,3,7,0,17.318397,8.4134866,2.2396507,1.2699765,-1.7762652,-1.5791272,-0.27479014,1.097215,-0.71597296,1.3367212,-0.050484495,11.25779,4.8767931,10.870865,11.407275,4.4352728,7.7980526,6.8099572,8.3004189,-4.2498811,-3.2702957,-4.0673102,-3.3970986,-3.2985223,-3.5077988,-3.8476089,-3.8304321,20.365332,8.8693236,-16.213739,7.8520843,18.162137,12.804944,1.4378002,6.2645795
-7.9449486,0.97538274,0.48464719,3,7,0,11.542137,2.3653264,1.0319895,-1.2188751,1.0504742,1.2606924,1.0633488,-1.4538151,1.0819266,-0.79871061,-0.10988659,1.1074602,3.6663478,0.86500447,1.5410655,3.4494048,3.4626913,3.4818634,2.2519246,-5.2341192,-3.3154263,-3.7207035,-3.4399742,-3.2383681,-3.3418952,-4.2754051,-3.9559538,-0.80352764,5.4685239,-8.995668,-7.1642972,1.3383575,-1.3477749,18.355634,-13.866127
-4.9420915,0.99745391,0.48464719,3,7,0,10.892322,4.4130969,4.3525256,-1.1053251,-1.0684923,0.57669891,-0.28253445,-0.53262454,0.87774055,-0.69948605,1.2754964,-0.39785893,6.9231936,2.094835,1.368566,-0.23754325,3.1833585,8.2334851,9.9647276,-5.419074,-3.2273212,-3.7422252,-3.4478795,-3.1197516,-3.3365324,-3.6984477,-3.8157028,-2.3013437,13.090723,-8.4482378,1.7756466,-4.3077124,-2.4062143,-7.9100365,31.07099
-7.0332789,0.93984892,0.48464719,3,7,0,9.6524386,7.1877201,5.3145533,1.8478325,0.76829843,-0.63630312,0.11442653,0.63506068,0.27449567,0.77206859,-1.7386326,17.008124,3.8060532,10.562784,11.29092,11.270883,7.795846,8.646542,-2.0523358,-3.8954806,-3.3094696,-4.0508029,-3.3929164,-4.0456358,-3.5076748,-3.6589595,-4.1140451,-2.3449126,9.7138863,16.840654,20.952132,1.590843,16.113,8.9516884,-15.013798
-7.3443056,0.83947482,0.48464719,3,7,0,11.035607,1.7512698,0.85400825,-1.546201,-1.3543569,1.0178186,-0.22816868,-0.35795776,0.21942092,-0.79441598,1.0747378,0.43080137,2.6204953,1.4455709,1.0728319,0.59463775,1.5564118,1.938657,2.6691047,-5.3160125,-3.366219,-3.7301271,-3.4620046,-3.1318598,-3.3181131,-4.5113573,-3.9436708,16.414173,-9.3874284,-10.901307,3.6803783,-16.79764,-3.8918536,-6.9314112,12.972337
-5.6788204,0.87654809,0.48464719,3,7,0,15.293314,8.472304,7.370725,1.4741574,0.15934861,-0.90504763,0.48633667,0.43984376,0.35622113,0.27419337,-1.2198847,19.337912,1.8014468,11.714271,10.493308,9.6468187,12.056958,11.097912,-0.51913081,-3.793726,-3.4136339,-4.1143979,-3.3672603,-3.8158838,-3.8220252,-3.4597177,-4.0511755,-7.4672256,-5.7921114,8.6818204,0.84162323,4.4313585,14.434799,10.870995,5.3699016
-6.271157,0.99142017,0.48464719,3,7,0,8.755463,-0.82004698,2.3003591,-0.31899416,-1.1888421,1.2583444,0.3658079,0.28096375,0.64938996,-0.25603591,-1.1496851,-1.5538481,2.0745969,-0.17372946,-1.4090215,-3.5548106,0.021442541,0.67378311,-3.4647356,-5.5679442,-3.3970756,-3.7071284,-3.6090307,-3.1564536,-3.3207907,-4.7225126,-4.1783814,-7.1334611,0.02918575,16.082181,-4.6413449,21.153396,-17.224314,7.3396522,6.3276622
-5.3082747,0.9265583,0.48464719,3,7,0,12.545997,10.426142,9.365786,1.3633899,-0.83873563,-1.1259972,-0.35373177,-0.32146801,1.2537322,-0.4774067,0.19292294,23.195361,-0.11970663,7.4153418,5.9548535,2.5707241,7.1131664,22.16833,12.233017,-3.6782878,-3.5511718,-3.903401,-3.3213476,-3.1948672,-3.4712586,-3.3083985,-3.8093941,14.587868,-5.253735,2.0533451,20.369063,8.6741732,6.6237398,26.998613,31.976647
-8.4709483,0.72594785,0.48464719,3,7,0,14.360339,-3.2069641,0.78871037,-0.59803646,0.50852243,0.83881595,0.00024568258,0.058077913,-1.0855394,0.21690704,1.1701251,-3.6786416,-2.5453812,-3.1611574,-3.0358872,-2.8058871,-3.2067703,-4.0631402,-2.2840742,-5.8570695,-3.777549,-3.691578,-3.7330282,-3.1362942,-3.3899616,-5.6554344,-4.1241788,17.845214,-15.82477,-12.696798,-4.5603776,-13.060765,4.9050848,-4.5303439,-3.74438
-3.7324038,0.99254905,0.48464719,3,7,0,10.155204,8.2748144,9.9474288,0.86928104,-1.1203382,0.59828128,-0.58886123,-0.34387156,0.44933563,-0.57701586,-0.80595518,16.921926,14.226175,4.8541765,2.5349901,-2.8696705,2.4171592,12.744549,0.25763256,-3.8997081,-3.4153499,-3.8120118,-3.3992153,-3.1377413,-3.3251327,-3.3596225,-4.022093,24.036103,4.8394024,-2.1369792,3.1661596,-1.631483,-6.431751,14.24362,19.900675
-4.6286095,0.80244649,0.48464719,3,7,0,7.0427328,3.0804195,1.0302013,-0.28419581,0.74157843,-0.61690733,0.21237935,0.1780235,0.45387854,1.0687718,0.6582744,2.7876406,2.4448807,3.2638196,4.1814697,3.8443946,3.299213,3.5480058,3.7585747,-5.0395733,-3.3758204,-3.768159,-3.3496607,-3.2610283,-3.3386784,-4.2658243,-3.9141268,-8.3781451,4.9321036,-10.816886,-1.0688792,-1.2361816,-2.3232056,6.1685997,-2.3255568
-5.0577032,0.96827526,0.48464719,3,7,0,7.7334099,5.7312254,6.5305437,-0.75343018,-0.24110234,0.84301027,0.25542904,-0.95998555,1.5875812,-0.69749797,0.91434291,0.8109167,11.236541,-0.5380022,1.1761844,4.156696,7.3993159,16.098994,11.702382,-5.2697582,-3.2738996,-3.703366,-3.456986,-3.2803083,-3.4860538,-3.2395927,-3.809447,-14.973644,12.439755,-18.822429,9.6480035,6.4995811,-2.1802499,25.250372,24.755227
-4.9409333,0.97688364,0.48464719,3,7,0,6.9507193,3.0262375,2.2897877,1.2759985,0.11513084,-0.87157272,0.14571917,0.41285987,-0.78273315,0.73717128,-0.84349713,5.9480033,1.030521,3.971599,4.7142033,3.2898627,3.3599035,1.2339448,1.0948082,-4.7076344,-3.4643918,-3.7864554,-3.3384242,-3.2297614,-3.3398468,-4.6270267,-3.9928338,25.837868,-5.9826234,12.004127,11.706696,-14.194531,-5.2146308,-9.629912,5.2420362
-5.1838689,0.95782063,0.48464719,3,7,0,9.2482245,3.2233267,5.8484202,1.8588245,0.56196979,1.0048963,-1.0322967,0.7982137,0.65749518,-0.60349729,0.80053923,14.094514,9.1003822,7.8916157,-0.30617904,6.5099621,-2.813978,7.0686347,7.9052164,-4.0566833,-3.2275778,-3.9232212,-3.5374134,-3.4643084,-3.376943,-3.8189974,-3.8351857,4.6581111,9.1821178,19.426187,23.56827,10.922102,0.1772357,7.3293057,13.70219
-5.8174541,0.95631167,0.48464719,3,7,0,9.2052829,6.7847355,1.9416658,-0.26740248,-1.6965851,-0.88740671,0.50235494,-1.0008958,0.49967364,0.37060074,-1.0912512,6.2655292,5.0616882,4.8413303,7.5043182,3.4905343,7.7601409,7.7549347,4.6658904,-4.6767381,-3.264692,-3.811618,-3.3178848,-3.2406378,-3.5056747,-3.7463304,-3.8923183,36.267248,23.140119,-5.9449808,-2.088528,7.9277596,9.131255,10.360827,24.91201
-8.7660978,0.91639796,0.48464719,3,7,0,12.805049,1.3563535,3.7186613,-0.87402257,-0.29967954,0.16605649,-2.278793,1.1728194,1.1933114,1.7379142,-0.40525475,-1.8938404,1.9738614,5.7176717,7.8190679,0.24194677,-7.1177057,5.7938743,-0.15065169,-5.6128592,-3.4030954,-3.8399605,-3.319606,-3.1256843,-3.5891361,-3.9664711,-4.0371472,-7.2733004,-15.389678,25.275989,2.9202211,8.0064014,-10.084964,19.343114,-2.1632448
-8.1582658,0.88401664,0.48464719,3,7,0,13.800887,11.359189,0.29481917,-0.52338419,0.53467885,-0.37827526,0.22834376,-1.0539054,-0.60507331,-0.036021508,0.94230881,11.204885,11.247666,11.048477,11.348569,11.516822,11.426509,11.180802,11.637,-4.253824,-3.2742603,-4.0769954,-3.3949745,-4.0832671,-3.7660573,-3.454031,-3.8095136,3.0681596,14.370685,3.2906425,-2.376407,15.093498,23.815183,-5.2602427,40.763765
-7.8588508,0.86227651,0.48464719,3,7,0,12.7246,1.2421642,7.3492797,0.70001908,-1.3796226,-1.2664505,0.18662061,0.75151382,0.25963347,-1.3560243,-0.42221352,6.3868002,-8.0653345,6.7652495,-8.7236379,-8.8970685,2.6136913,3.1502832,-1.8608011,-4.6650563,-4.5119985,-3.8777774,-4.3384569,-3.5011242,-3.3275941,-4.3240941,-4.1057946,-3.8516503,-0.37467874,5.0007791,-4.4069567,-15.568406,-22.237414,-0.95621228,-26.968345
-6.0669743,1,0.48464719,3,7,0,12.938481,0.24285689,4.3066192,2.4667861,0.10492517,0.090617713,-0.07441435,1.1011865,0.14544236,0.35383279,-0.70400542,10.866365,0.63311288,4.985248,1.76668,0.69472966,-0.077617373,0.86922173,-2.7890263,-4.2793475,-3.4928788,-3.8160667,-3.4300059,-3.1338922,-3.3216324,-4.6888414,-4.1468339,-3.0221437,9.4346415,-0.64685398,8.2280862,-0.16550322,4.7282271,1.7035273,-11.866689
-5.938321,0.99144338,0.48464719,3,7,0,8.4131408,8.5519797,7.8068803,-1.1464189,-1.0185484,0.16749855,-0.11995979,-1.3939152,1.0580102,0.4059888,-0.71232432,-0.39797576,9.8596208,-2.3301494,11.721486,0.60029432,7.615468,16.811739,2.990949,-5.4190888,-3.2388146,-3.6924036,-3.4089513,-3.1319714,-3.4976785,-3.2285834,-3.9345618,-12.077228,15.817327,-39.634982,4.3845818,6.7605637,-1.7747012,18.034311,20.293924
-7.6001141,0.6354544,0.48464719,3,7,0,12.238525,8.6790833,1.3971143,1.0491734,1.4239684,-1.462091,1.0118926,-0.42971908,-0.49532521,-0.52848475,-0.60304602,10.144898,6.6363751,8.0787166,7.9407297,10.66853,10.092813,7.9870574,7.8365591,-4.3354435,-3.230821,-3.9312498,-3.3204907,-3.9566235,-3.6584836,-3.7228187,-3.8360607,19.020195,15.450998,-6.5624531,-0.46125203,21.737238,4.3254547,12.156697,13.77028
-12.136284,0.82238488,0.48464719,3,7,0,18.088455,-6.3680632,7.0793468,0.8340292,0.97350853,1.1358273,-1.6759186,1.2151574,0.59831933,-0.70592049,-0.73498756,-0.46368124,1.6728519,2.2344573,-11.365519,0.52374132,-18.232472,-2.1323532,-11.571295,-5.4273913,-3.4216876,-3.745042,-4.7106036,-3.1304951,-4.8452965,-5.2480818,-4.6667269,-11.818959,1.7296987,-12.85143,-36.519069,11.991141,-45.91445,-4.615677,-34.258855
-8.9213438,0.86246337,0.48464719,3,7,0,16.740671,10.364096,0.93738588,1.0181801,-1.6455331,-0.13423883,1.1181187,-1.9108822,-0.090613769,-0.30798814,0.036933364,11.318524,10.238262,8.5728621,10.075392,8.8215966,11.412205,10.279156,10.398717,-4.2453702,-3.2465727,-3.9531115,-3.3559166,-3.7116184,-3.7648256,-3.5195808,-3.8132672,3.1291993,2.6106626,26.497936,23.950317,0.49307356,6.6919493,7.2987483,8.2807131
-7.0320694,0.99208357,0.48464719,3,7,0,13.318237,3.6420982,3.6602803,-1.1355731,0.88374607,-0.83431586,0.17040718,0.23670387,-0.76543016,1.5577244,1.0568024,-0.51441771,0.58826826,4.5085007,9.3438062,6.8768565,4.2658362,0.84040924,7.5102913,-5.4338154,-3.4961925,-3.8016397,-3.3395339,-3.4991561,-3.3609069,-4.6937814,-3.8404175,-10.390072,-3.7784757,13.067451,4.1800652,-4.8317182,7.446921,-2.3320825,6.2340464
-9.9003926,0.91771224,0.48464719,3,7,0,14.745534,4.0473237,3.6731887,2.3763607,-1.975425,-0.61816218,-0.77358975,-0.65085208,2.5981275,0.51326924,-0.87512864,12.776145,1.7766973,1.6566212,5.9326585,-3.2087852,1.2057825,13.590737,0.83281104,-4.1420238,-3.4151711,-3.7338791,-3.3215413,-3.1462787,-3.3170088,-3.3187316,-4.001758,18.988205,-13.324544,-15.173943,-6.1945313,-11.615943,1.5034849,11.489951,-1.829042
-5.1260781,1,0.48464719,3,7,0,12.254555,5.6227,5.37591,-0.64330113,-0.40309097,-0.36778774,0.84695327,-0.83009886,-0.84679191,0.39579409,-0.68859534,2.164371,3.6455062,1.1601632,7.7504534,3.4557192,10.175845,1.0704229,1.9208734,-5.110277,-3.3163317,-3.7253299,-3.319161,-3.2387152,-3.6647517,-4.6545765,-3.9660831,0.53589634,-0.29427412,16.898102,8.7950732,19.517202,6.9150792,0.4050301,21.950779
-4.6875029,0.99164137,0.48464719,3,7,0,8.8144621,2.6639184,6.4222787,1.9193459,-0.02931046,0.62569078,-1.0166609,0.67284985,1.5645955,-0.095596663,0.90426074,14.990493,6.682279,6.9851477,2.04997,2.4756785,-3.8653612,12.712187,8.4713329,-4.0030938,-3.2302056,-3.88626,-3.418085,-3.1907331,-3.4146509,-3.3613285,-3.8285256,12.200071,0.33193126,1.1913214,0.27123278,14.537412,-8.5607321,24.647827,7.0097854
-7.5781412,0.61671525,0.48464719,3,7,0,11.713181,8.2000208,4.6797515,-0.61361895,-1.7315774,-0.79588347,0.15830751,-1.4822916,-1.1542023,1.0192381,-0.11771199,5.3284366,4.4754839,1.2632642,12.969802,0.096668771,8.9408606,2.7986406,7.6491579,-4.7692105,-3.2836347,-3.7270261,-3.4641005,-3.1235871,-3.577401,-4.3769303,-3.838523,1.352574,-4.1896173,21.945677,16.102305,-9.3224543,23.637049,6.9402912,-18.409144
-8.534728,0.98662087,0.48464719,3,7,0,10.509954,0.99714127,3.014471,1.0752084,1.5705003,0.94593835,-0.4018733,1.2981756,1.7945359,-1.6431601,0.461561,4.2383257,3.848645,4.9104541,-3.9561171,5.7313688,-0.21429411,6.4067175,2.3885035,-4.8816936,-3.3076924,-3.8137446,-3.8128524,-3.3958627,-3.3229268,-3.8935446,-3.9518734,17.187015,17.401255,-23.824868,-8.2227257,11.280525,-4.8908041,8.6253023,3.2939531
#
#  Elapsed Time: 0.017 seconds (Warm-up)
#                0.002 seconds (Sampling)
#                0.019 seconds (Total)
#
